0.05
4252.931050874184 -0.08419947471081121 	-0.09987615768843205	-37.274607273015306
4276.771238211199 -0.7597618972419518 	-0.3563642572433431	166.3024957457585
4260.905953478976 -0.5228989275203174 	-0.3202671380316523	26.39954750794587
4268.172765514297 -0.7386857916031935 	-0.4296924195270042	-51.9366811261406
4244.838747955903 0.09512067416080613 	0.2619760243082292	111.50354670217297
4258.187814730879 0.2299858492768861 	0.36959005692450275	-147.3603178235107
4259.423091445674 0.5786713240395627 	-0.1201995635010582	-172.76032677820064
4259.304704926806 0.5638621847236809 	0.42016038025178604	-134.19563514125446
4250.495504286398 0.21170212546313824 	-0.004490638527803736	139.03832478788968
4248.6777624393135 0.09936806024932911 	0.25694622987201254	-138.0376910522155
4260.149212533932 -0.06603396583718019 	-0.3845591859905012	-23.03732978251122
4250.045820601333 -0.3382361354375764 	-0.18810330409993048	-51.81300160344384
4253.9617144914655 0.8002110381013461 	0.4325995112850003	63.60339866318225
4247.187248582641 0.3579302717268186 	0.42102518678342393	-23.925755349973628
4262.373185200493 0.16281769184641087 	0.00977183340965615	-173.80289953096292
4254.457017176171 0.44983996184991104 	0.28033471946126576	-16.89564555757056
4253.410916790857 -0.17357456192886744 	0.051556016116526826	-100.01692858183893
4244.4860006413755 0.49507766570555906 	0.28711751922090323	100.23149604758197
4250.605627514546 0.43351754423921846 	0.4201928267668996	33.43822204609785
4242.612836196266 -0.029583206614495795 	-0.022066824654285	-52.268527533873154
4256.290623110855 -0.4230264054513106 	-0.10307695858425292	-125.6260372906703
4256.700653126572 0.0242683516136386 	-0.03055292359852746	0.6776885979345195
4246.167986318824 -0.17347299229916405 	0.030979381581162757	72.62242296807335
4257.084794080308 0.2299794687148382 	-0.3574630779187994	11.146387186061617
4265.713202080574 -0.6270958976170112 	-0.4045338837309812	-73.90157558771546
4256.535552386109 0.25953137747806504 	-0.02508341702890693	-159.71328334138764
4277.212059699494 -0.5094153146063376 	-0.35596381429011914	-177.61098259485382
4252.013385413734 0.25376755335146095 	0.01803214851603263	-1.0998032673617786
4242.944219399815 0.05562752895919314 	0.2796018760831226	-166.93491532106808
4263.807639883725 -0.7075072785029839 	-0.44377580925383786	-61.05984063168016
0.1
4264.872962834177 -1.0348530743207924 	-0.09987615768843205	-37.274607273015306
4296.073821333607 0.3360828545906977 	-0.3563642572433431	166.3024957457585
4277.598516649677 0.16085164056411178 	-0.3202671380316523	26.39954750794587
4286.971731872282 -1.1298258460806163 	-0.4296924195270042	-51.9366811261406
4245.018507637167 -0.2668547613205108 	0.2619760243082292	111.50354670217297
4271.036626572606 1.0300277624655891 	0.36959005692450275	-147.3603178235107
4278.484678414685 -0.9870946427828384 	-0.1201995635010582	-172.76032677820064
4271.539588258242 1.3089124455494565 	0.42016038025178604	-134.19563514125446
4264.609985523523 -0.20631901504246605 	-0.004490638527803736	139.03832478788968
4258.533708885036 0.45178515610017683 	0.25694622987201254	-138.0376910522155
4282.670664452454 -0.5994524040223987 	-0.3845591859905012	-23.03732978251122
4267.343314948169 0.9296978722840838 	-0.18810330409993048	-51.81300160344384
4267.341142599637 1.9951778393991375 	0.4325995112850003	63.60339866318225
4267.347643330124 0.7679245800663997 	0.42102518678342393	-23.925755349973628
4269.403926948631 -0.17235839751067653 	0.00977183340965615	-173.80289953096292
4269.318608781974 0.8369675853400176 	0.28033471946126576	-16.89564555757056
4258.493650939363 -0.09104109001088541 	0.051556016116526826	-100.01692858183893
4255.198872557457 1.7394742361077666 	0.28711751922090323	100.23149604758197
4276.633021896706 0.8163302773998085 	0.4201928267668996	33.43822204609785
4243.803898754546 -0.10846514906482259 	-0.022066824654285	-52.268527533873154
4279.2939528619 0.5429833889405352 	-0.10307695858425292	-125.6260372906703
4245.756131940795 0.32731228295119424 	-0.03055292359852746	0.6776885979345195
4225.340695061863 1.2280907205604827 	0.030979381581162757	72.62242296807335
4279.198697907653 -0.06221451024977225 	-0.3574630779187994	11.146387186061617
4272.2329553125965 -1.0577536840306203 	-0.4045338837309812	-73.90157558771546
4265.018633117163 0.8984710701773432 	-0.02508341702890693	-159.71328334138764
4297.107897864439 0.550081630263673 	-0.35596381429011914	-177.61098259485382
4257.63424136818 -0.15022992313311662 	0.01803214851603263	-1.0998032673617786
4240.260259078692 1.1533408141061359 	0.2796018760831226	-166.93491532106808
4282.72592010367 0.29714163726969883 	-0.44377580925383786	-61.05984063168016
0.15000000000000002
4290.802154302454 0.07503675879124971 	-0.09987615768843205	-37.274607273015306
4303.821877965054 -1.2549159052824892 	-0.3563642572433431	166.3024957457585
4291.0902698412 -1.3364576580586691 	-0.3202671380316523	26.39954750794587
4285.59795213951 -1.6364618823734534 	-0.4296924195270042	-51.9366811261406
4277.468429832284 -0.39312006855465464 	0.2619760243082292	111.50354670217297
4288.961341073348 0.0020830400415453457 	0.36959005692450275	-147.3603178235107
4292.327955961728 -1.0925695339110137 	-0.1201995635010582	-172.76032677820064
4287.004156648393 -1.480401074572066 	0.42016038025178604	-134.19563514125446
4282.384269825074 -0.314604719374379 	-0.004490638527803736	139.03832478788968
4278.0345247540035 -0.1397313868194397 	0.25694622987201254	-138.0376910522155
4301.008937370485 -0.305217315140477 	-0.3845591859905012	-23.03732978251122
4280.158902801607 -0.9849209357171177 	-0.18810330409993048	-51.81300160344384
4289.148893694426 0.37223032459260186 	0.4325995112850003	63.60339866318225
4283.44021740339 -0.26034498046389193 	0.42102518678342393	-23.925755349973628
4288.581705479952 -0.17876908866073102 	0.00977183340965615	-173.80289953096292
4291.127095607451 0.8073921712873287 	0.28033471946126576	-16.89564555757056
4284.51091693534 -1.2836236532817835 	0.051556016116526826	-100.01692858183893
4268.568551572013 0.0031606700883702044 	0.28711751922090323	100.23149604758197
4294.569528698295 0.7409757180216651 	0.4201928267668996	33.43822204609785
4260.524912472894 0.08598953435437032 	-0.022066824654285	-52.268527533873154
4291.815598682659 0.42104336332279796 	-0.10307695858425292	-125.6260372906703
4258.05970091854 -0.4270215724601764 	-0.03055292359852746	0.6776885979345195
4257.723233870184 -0.41446595985891366 	0.030979381581162757	72.62242296807335
4292.361829878383 1.0915284635489086 	-0.3574630779187994	11.146387186061617
4292.57797692972 0.6701325133395651 	-0.4045338837309812	-73.90157558771546
4279.995932168671 0.663275334963098 	-0.02508341702890693	-159.71328334138764
4306.853472826231 -1.376502676139339 	-0.35596381429011914	-177.61098259485382
4280.18166428091 1.5973418843492981 	0.01803214851603263	-1.0998032673617786
4279.18576192577 -1.3177119683101235 	0.2796018760831226	-166.93491532106808
4294.925715521412 -1.3677761557486408 	-0.44377580925383786	-61.05984063168016
0.2
4297.97729417489 -1.3048781042336834 	-0.09987615768843205	-37.274607273015306
4307.514622356279 -1.343686067063935 	-0.3563642572433431	166.3024957457585
4303.762213040163 -0.1986206926869939 	-0.3202671380316523	26.39954750794587
4297.866180546131 0.2448560181160244 	-0.4296924195270042	-51.9366811261406
4287.025004260005 -0.15821830857783203 	0.2619760243082292	111.50354670217297
4298.882695814959 2.439320361842429 	0.36959005692450275	-147.3603178235107
4306.128731346937 -0.3298140675858051 	-0.1201995635010582	-172.76032677820064
4297.393706071585 1.9620111805105889 	0.42016038025178604	-134.19563514125446
4292.444396518354 -0.7143175631520016 	-0.004490638527803736	139.03832478788968
4293.510233844741 2.0092324933432586 	0.25694622987201254	-138.0376910522155
4308.9491833856355 0.025211967104639684 	-0.3845591859905012	-23.03732978251122
4288.771959847587 0.5755438546857238 	-0.18810330409993048	-51.81300160344384
4301.382128023099 0.29261862409579736 	0.4325995112850003	63.60339866318225
4295.178826588755 1.6066402644347224 	0.42102518678342393	-23.925755349973628
4291.535172480193 0.08208260986252332 	0.00977183340965615	-173.80289953096292
4298.3002171373955 -0.818484869378641 	0.28033471946126576	-16.89564555757056
4294.525823590981 0.42459742455991756 	0.051556016116526826	-100.01692858183893
4302.092935172541 0.1444902453812364 	0.28711751922090323	100.23149604758197
4307.956451337637 0.7248347619344373 	0.4201928267668996	33.43822204609785
4272.308547501691 -0.2846398259346415 	-0.022066824654285	-52.268527533873154
4296.137867713145 0.2583399370785099 	-0.10307695858425292	-125.6260372906703
4298.604645538975 1.0099847244214581 	-0.03055292359852746	0.6776885979345195
4282.544068029437 -0.8702009936727299 	0.030979381581162757	72.62242296807335
4298.277625144434 -0.2815293151334467 	-0.3574630779187994	11.146387186061617
4296.175321888071 -1.0998247634450375 	-0.4045338837309812	-73.90157558771546
4274.052927068437 0.4921679437755354 	-0.02508341702890693	-159.71328334138764
4305.831038258844 0.043466437669223985 	-0.35596381429011914	-177.61098259485382
4293.177847677267 1.0578461350350838 	0.01803214851603263	-1.0998032673617786
4290.354888386309 0.0764863793342808 	0.2796018760831226	-166.93491532106808
4292.595824591972 -0.5056934863268235 	-0.44377580925383786	-61.05984063168016
0.25
4307.306969396473 -1.61227565772767 	-0.09987615768843205	-37.274607273015306
4309.9584643962335 -1.1603892953485877 	-0.3563642572433431	166.3024957457585
4308.858607682829 0.38965475475312744 	-0.3202671380316523	26.39954750794587
4301.941307685477 0.25174152257456295 	-0.4296924195270042	-51.9366811261406
4293.814411172186 -1.090913623735766 	0.2619760243082292	111.50354670217297
4306.134659431387 -0.1940517036650618 	0.36959005692450275	-147.3603178235107
4312.026699525696 -0.15449945623666736 	-0.1201995635010582	-172.76032677820064
4306.628100133272 -1.4426027191658386 	0.42016038025178604	-134.19563514125446
4301.540966307507 1.4387362157370327 	-0.004490638527803736	139.03832478788968
4300.512125521443 1.6147657076896538 	0.25694622987201254	-138.0376910522155
4311.468636846563 -1.4718256407721007 	-0.3845591859905012	-23.03732978251122
4295.419420187703 -0.07374309005721591 	-0.18810330409993048	-51.81300160344384
4308.661068344428 -1.4944470939446513 	0.4325995112850003	63.60339866318225
4303.0275334538455 0.22024687611219557 	0.42102518678342393	-23.925755349973628
4291.235181337616 0.6903385760917397 	0.00977183340965615	-173.80289953096292
4307.144404801735 -0.4578757679009293 	0.28033471946126576	-16.89564555757056
4299.203750752595 -0.20599931097133256 	0.051556016116526826	-100.01692858183893
4307.971877261251 0.0926482817460968 	0.28711751922090323	100.23149604758197
4312.0406629844065 -1.3904759879646247 	0.4201928267668996	33.43822204609785
4270.079733229411 0.12558828049893173 	-0.022066824654285	-52.268527533873154
4311.767920849275 -0.07914823976071343 	-0.10307695858425292	-125.6260372906703
4305.50330322523 -0.3688441951218174 	-0.03055292359852746	0.6776885979345195
4291.7763974298605 1.5315222168815004 	0.030979381581162757	72.62242296807335
4300.128173849706 1.3614558176877993 	-0.3574630779187994	11.146387186061617
4297.481515344598 0.20746650934959718 	-0.4045338837309812	-73.90157558771546
4281.113036532689 1.4035200418550855 	-0.02508341702890693	-159.71328334138764
4310.62860042706 -0.6153931973900195 	-0.35596381429011914	-177.61098259485382
4299.651827304723 0.8317390768904143 	0.01803214851603263	-1.0998032673617786
4310.567290736388 -0.2421785461141207 	0.2796018760831226	-166.93491532106808
4305.325198080829 -0.3147616126984627 	-0.44377580925383786	-61.05984063168016
0.3
4314.647039977426 0.22068791274801686 	-0.09987615768843205	-37.274607273015306
4313.792008646313 1.0449218502860573 	-0.3563642572433431	166.3024957457585
4316.0941873901 1.56052322258841 	-0.3202671380316523	26.39954750794587
4303.548184285078 0.22505801475323212 	-0.4296924195270042	-51.9366811261406
4303.542799629542 -1.3240545626140614 	0.2619760243082292	111.50354670217297
4310.970303072569 -0.03878510244095435 	0.36959005692450275	-147.3603178235107
4315.382261624167 0.4416713877003061 	-0.1201995635010582	-172.76032677820064
4312.86613529551 0.38938836589681264 	0.42016038025178604	-134.19563514125446
4305.561625473969 1.684724534134296 	-0.004490638527803736	139.03832478788968
4309.889815246311 -0.0920270986541555 	0.25694622987201254	-138.0376910522155
4313.883701122047 -1.168249791498103 	-0.3845591859905012	-23.03732978251122
4298.219755944054 -0.5081880511934518 	-0.18810330409993048	-51.81300160344384
4312.706756155644 -1.7567143168509693 	0.4325995112850003	63.60339866318225
4307.646591378333 0.6489483396698215 	0.42102518678342393	-23.925755349973628
4296.525655899987 -1.005460381153549 	0.00977183340965615	-173.80289953096292
4306.593185708928 -0.5125669515028758 	0.28033471946126576	-16.89564555757056
4311.812926120006 0.5898961376629954 	0.051556016116526826	-100.01692858183893
4301.297713592069 1.5152198070157423 	0.28711751922090323	100.23149604758197
4315.892815085545 -1.5520547657095307 	0.4201928267668996	33.43822204609785
4287.456233555863 0.8739711339741878 	-0.022066824654285	-52.268527533873154
4314.1441994322 -1.5622012515611639 	-0.10307695858425292	-125.6260372906703
4313.881671863486 -0.013985120191795854 	-0.03055292359852746	0.6776885979345195
4302.32347960214 -0.4844851806626784 	0.030979381581162757	72.62242296807335
4303.704612683382 -0.21854533839642146 	-0.3574630779187994	11.146387186061617
4299.117838046845 0.5603093606228382 	-0.4045338837309812	-73.90157558771546
4297.713650591031 -1.0795273931180605 	-0.02508341702890693	-159.71328334138764
4311.27169292367 -0.2539337842534689 	-0.35596381429011914	-177.61098259485382
4310.783706158091 -0.6854569335716092 	0.01803214851603263	-1.0998032673617786
4311.565036805284 -0.9822471883714903 	0.2796018760831226	-166.93491532106808
4308.95356119277 -0.21569270069200944 	-0.44377580925383786	-61.05984063168016
0.35000000000000003
4317.660295347955 -0.07859758134413089 	-0.09987615768843205	-37.274607273015306
4313.6137195913725 -1.4389784015458773 	-0.3563642572433431	166.3024957457585
4319.93527490533 1.4928061969603408 	-0.3202671380316523	26.39954750794587
4304.216762651679 -0.007431565192505181 	-0.4296924195270042	-51.9366811261406
4307.343740457604 1.529109124710587 	0.2619760243082292	111.50354670217297
4314.242692112093 1.8449316194272354 	0.36959005692450275	-147.3603178235107
4302.94199907725 -1.3080069808993664 	-0.1201995635010582	-172.76032677820064
4311.659627547641 0.6676280271676293 	0.42016038025178604	-134.19563514125446
4309.790827515437 0.16708435308965583 	-0.004490638527803736	139.03832478788968
4320.222717909628 -0.14402211983561647 	0.25694622987201254	-138.0376910522155
4315.157199199039 -1.1956280580493126 	-0.3845591859905012	-23.03732978251122
4303.166190049786 -0.6594582438473028 	-0.18810330409993048	-51.81300160344384
4315.8018301816655 -1.4778923769321097 	0.4325995112850003	63.60339866318225
4312.222165468107 0.6365137439881158 	0.42102518678342393	-23.925755349973628
4300.718498388679 -0.4237840954331854 	0.00977183340965615	-173.80289953096292
4311.043813980406 -0.2345045890254135 	0.28033471946126576	-16.89564555757056
4318.530637885735 -0.2928834939473703 	0.051556016116526826	-100.01692858183893
4309.24485904312 -0.2789449040680117 	0.28711751922090323	100.23149604758197
4318.922671248193 -1.492014761793124 	0.4201928267668996	33.43822204609785
4295.030888745464 -0.7965978531913794 	-0.022066824654285	-52.268527533873154
4313.572565813132 0.06597554185059645 	-0.10307695858425292	-125.6260372906703
4316.575669367576 -0.29188281703428043 	-0.03055292359852746	0.6776885979345195
4307.013673374922 -0.5363739240207117 	0.030979381581162757	72.62242296807335
4305.451301317759 0.13207428312185396 	-0.3574630779187994	11.146387186061617
4304.800955361153 0.9302376223843154 	-0.4045338837309812	-73.90157558771546
4296.962344343703 -0.05164864040307642 	-0.02508341702890693	-159.71328334138764
4315.0610166039905 -1.271037999291951 	-0.35596381429011914	-177.61098259485382
4312.376621401182 0.13836125978304736 	0.01803214851603263	-1.0998032673617786
4316.193986762167 -0.2783713432844921 	0.2796018760831226	-166.93491532106808
4311.563482944679 -0.021935139312052827 	-0.44377580925383786	-61.05984063168016
0.4
4320.866064554379 -0.1905055053211711 	-0.09987615768843205	-37.274607273015306
4317.411641474637 -1.3974809181896328 	-0.3563642572433431	166.3024957457585
4322.234722741794 1.4896972050811945 	-0.3202671380316523	26.39954750794587
4304.507473629776 -0.24625804755192326 	-0.4296924195270042	-51.9366811261406
4305.480386639896 0.5180410898323882 	0.2619760243082292	111.50354670217297
4312.734209659078 -0.08324341292915727 	0.36959005692450275	-147.3603178235107
4312.063168522636 -0.5172580433453623 	-0.1201995635010582	-172.76032677820064
4310.922669172913 0.14129206219458623 	0.42016038025178604	-134.19563514125446
4312.404177694459 1.4587144337889701 	-0.004490638527803736	139.03832478788968
4320.33896497165 0.7319773247295233 	0.25694622987201254	-138.0376910522155
4316.781802908524 0.10553709578389059 	-0.3845591859905012	-23.03732978251122
4307.13294203981 0.9596661189996848 	-0.18810330409993048	-51.81300160344384
4317.31623912813 -1.6051156410440583 	0.4325995112850003	63.60339866318225
4315.437630530198 0.5959013285522324 	0.42102518678342393	-23.925755349973628
4304.002129601994 -0.27273635932756307 	0.00977183340965615	-173.80289953096292
4313.344303419787 0.010637283601560911 	0.28033471946126576	-16.89564555757056
4323.734199816096 0.5075546061460442 	0.051556016116526826	-100.01692858183893
4315.052167441034 -0.5118429135525102 	0.28711751922090323	100.23149604758197
4320.740582966043 -1.646080792859667 	0.4201928267668996	33.43822204609785
4308.452403543762 0.7936814210309466 	-0.022066824654285	-52.268527533873154
4307.399487586172 -0.4005091859190967 	-0.10307695858425292	-125.6260372906703
4316.440064259418 -0.12886645099341631 	-0.03055292359852746	0.6776885979345195
4312.754128680915 -0.3939079448482632 	0.030979381581162757	72.62242296807335
4309.422405221466 0.4926284569923429 	-0.3574630779187994	11.146387186061617
4306.34438950315 0.9638850362882921 	-0.4045338837309812	-73.90157558771546
4305.483855518002 -0.7968123974921009 	-0.02508341702890693	-159.71328334138764
4317.9498457142245 -0.3859015936308188 	-0.35596381429011914	-177.61098259485382
4315.06638681714 0.048387339203904894 	0.01803214851603263	-1.0998032673617786
4320.025701907217 -0.158803979372608 	0.2796018760831226	-166.93491532106808
4313.179921510892 0.11675799925182101 	-0.44377580925383786	-61.05984063168016
0.45
4322.966869675177 -0.032844812511058016 	-0.09987615768843205	-37.274607273015306
4318.324610762262 -0.8002338746338152 	-0.3563642572433431	166.3024957457585
4323.229288504573 1.489539625250692 	-0.3202671380316523	26.39954750794587
4299.560368720133 -0.49564915043115065 	-0.4296924195270042	-51.9366811261406
4305.056552823674 -1.376102517181285 	0.2619760243082292	111.50354670217297
4317.480445129292 -0.2642065519437789 	0.36959005692450275	-147.3603178235107
4311.912157909379 -1.2577407468698891 	-0.1201995635010582	-172.76032677820064
4310.152706296071 1.8187804175142201 	0.42016038025178604	-134.19563514125446
4313.19479504167 -0.051438430409609624 	-0.004490638527803736	139.03832478788968
4322.1451215963125 0.5106045269016456 	0.25694622987201254	-138.0376910522155
4318.696873144181 0.1114157115956982 	-0.3845591859905012	-23.03732978251122
4306.512479539754 0.5370066321620816 	-0.18810330409993048	-51.81300160344384
4319.137501306336 -1.4984757169731089 	0.4325995112850003	63.60339866318225
4318.004546804718 0.3386278280687233 	0.42102518678342393	-23.925755349973628
4307.981997516835 -0.2055983008486892 	0.00977183340965615	-173.80289953096292
4313.574282893759 1.8853182662536836 	0.28033471946126576	-16.89564555757056
4323.883919154512 -0.11463469470592726 	0.051556016116526826	-100.01692858183893
4316.374562676602 -0.5028975336805627 	0.28711751922090323	100.23149604758197
4322.772919211917 -1.5372601580139815 	0.4201928267668996	33.43822204609785
4314.155560292766 -1.5944542366363488 	-0.022066824654285	-52.268527533873154
4310.232473684303 -0.5259516101957313 	-0.10307695858425292	-125.6260372906703
4316.944030675053 2.1962522988278934 	-0.03055292359852746	0.6776885979345195
4311.83226176157 -0.4118501158071249 	0.030979381581162757	72.62242296807335
4312.572145541837 0.8985270559713048 	-0.3574630779187994	11.146387186061617
4308.456783176686 0.7055917579360544 	-0.4045338837309812	-73.90157558771546
4300.363673011188 -0.9810147679725533 	-0.02508341702890693	-159.71328334138764
4318.337775466687 -1.5857691238722713 	-0.35596381429011914	-177.61098259485382
4317.477169416982 0.17689279298101993 	0.01803214851603263	-1.0998032673617786
4322.804890524384 0.5989670025648643 	0.2796018760831226	-166.93491532106808
4314.669466905745 0.11656549892978964 	-0.44377580925383786	-61.05984063168016
0.5
4324.52687839287 0.0811039769061063 	-0.09987615768843205	-37.274607273015306
4320.850931797142 -1.4035801576604499 	-0.3563642572433431	166.3024957457585
4324.8833447883335 1.6244611231082569 	-0.3202671380316523	26.39954750794587
4309.486522219656 -1.9180032235915594 	-0.4296924195270042	-51.9366811261406
4307.5342046732 -1.602692747244777 	0.2619760243082292	111.50354670217297
4311.396972451022 -0.3142170496170893 	0.36959005692450275	-147.3603178235107
4314.3790118789975 -1.0409898436110325 	-0.1201995635010582	-172.76032677820064
4315.379848547818 0.22197652715690908 	0.42016038025178604	-134.19563514125446
4312.268276012215 1.1326178897700472 	-0.004490638527803736	139.03832478788968
4325.11265178131 0.23407455795365495 	0.25694622987201254	-138.0376910522155
4320.429682080916 0.3682756145189317 	-0.3845591859905012	-23.03732978251122
4308.436032862254 0.41559739693557607 	-0.18810330409993048	-51.81300160344384
4320.488347602459 -1.5029448214018517 	0.4325995112850003	63.60339866318225
4320.011409509343 0.17111599582307196 	0.42102518678342393	-23.925755349973628
4311.996223012296 -0.3684451711412768 	0.00977183340965615	-173.80289953096292
4321.648634842412 0.1341832733334412 	0.28033471946126576	-16.89564555757056
4321.979369209227 1.359284294680265 	0.051556016116526826	-100.01692858183893
4320.395936520769 1.0000422197569858 	0.28711751922090323	100.23149604758197
4322.621638565353 -1.1637725059427693 	0.4201928267668996	33.43822204609785
4307.5642510059715 0.07009272371885472 	-0.022066824654285	-52.268527533873154
4314.6809890580325 -0.6100049164107987 	-0.10307695858425292	-125.6260372906703
4313.806993320856 1.886143439949825 	-0.03055292359852746	0.6776885979345195
4317.311533850864 -0.0116744375775836 	0.030979381581162757	72.62242296807335
4312.679626008065 0.9473308706618053 	-0.3574630779187994	11.146387186061617
4308.773592423411 0.5951885194181543 	-0.4045338837309812	-73.90157558771546
4304.667903865475 -0.6178313002212444 	-0.02508341702890693	-159.71328334138764
4319.950203531676 0.9195249636946691 	-0.35596381429011914	-177.61098259485382
4319.663411394382 0.11127917666263476 	0.01803214851603263	-1.0998032673617786
4326.71219198691 1.4807421234632405 	0.2796018760831226	-166.93491532106808
4316.058942722529 0.17268377961231574 	-0.44377580925383786	-61.05984063168016
0.55
4326.305512721703 -0.032139898826907216 	-0.09987615768843205	-37.274607273015306
4322.575944216515 -1.4251973879355306 	-0.3563642572433431	166.3024957457585
4325.319947891384 1.2554969835986798 	-0.3202671380316523	26.39954750794587
4307.500495262588 -0.4667357867279991 	-0.4296924195270042	-51.9366811261406
4314.21107018609 0.825398184578637 	0.2619760243082292	111.50354670217297
4308.061525850395 -1.2713288635900764 	0.36959005692450275	-147.3603178235107
4315.377728289674 -0.8739483053301971 	-0.1201995635010582	-172.76032677820064
4310.86166060391 1.3511917421393984 	0.42016038025178604	-134.19563514125446
4316.26482587816 -0.6498118220947049 	-0.004490638527803736	139.03832478788968
4326.969905783432 0.3559185110927829 	0.25694622987201254	-138.0376910522155
4320.97720586701 0.851257448949406 	-0.3845591859905012	-23.03732978251122
4306.477772942279 -1.585120911740211 	-0.18810330409993048	-51.81300160344384
4320.666171320038 -1.26871265395813 	0.4325995112850003	63.60339866318225
4321.274058014052 -0.1057180998153133 	0.42102518678342393	-23.925755349973628
4312.209326206915 -1.113347917957324 	0.00977183340965615	-173.80289953096292
4321.678774533465 0.18839128511021738 	0.28033471946126576	-16.89564555757056
4322.172214241583 1.3935130217752896 	0.051556016116526826	-100.01692858183893
4322.560625074609 1.416974475687483 	0.28711751922090323	100.23149604758197
4324.341767527352 0.1531062358194837 	0.4201928267668996	33.43822204609785
4311.064277039299 1.2204429988246546 	-0.022066824654285	-52.268527533873154
4315.817663410779 1.4993001278716014 	-0.10307695858425292	-125.6260372906703
4318.220612810275 1.0532421032638843 	-0.03055292359852746	0.6776885979345195
4314.472198247191 0.03500583824636497 	0.030979381581162757	72.62242296807335
4314.538840560434 0.9230562320033776 	-0.3574630779187994	11.146387186061617
4306.104004144661 -0.0765668935146214 	-0.4045338837309812	-73.90157558771546
4308.9813313062505 -0.3172309378587611 	-0.02508341702890693	-159.71328334138764
4322.067042570881 0.714107309932045 	-0.35596381429011914	-177.61098259485382
4321.040650872038 0.08743577154063853 	0.01803214851603263	-1.0998032673617786
4328.398630404484 -0.7483362035033991 	0.2796018760831226	-166.93491532106808
4317.213489828321 0.2570766055588328 	-0.44377580925383786	-61.05984063168016
0.6000000000000001
4327.873955988905 -0.14496131079840327 	-0.09987615768843205	-37.274607273015306
4323.167386208641 -0.9783039540626077 	-0.3563642572433431	166.3024957457585
4325.724188822738 1.3062083251178223 	-0.3202671380316523	26.39954750794587
4310.584871258194 1.3989387734373733 	-0.4296924195270042	-51.9366811261406
4315.280632576469 0.1694053523300453 	0.2619760243082292	111.50354670217297
4314.260571806507 -0.049998674341007465 	0.36959005692450275	-147.3603178235107
4318.664793337157 -0.39608631065084665 	-0.1201995635010582	-172.76032677820064
4315.759088576994 0.013140338243753403 	0.42016038025178604	-134.19563514125446
4316.881409123079 1.735353522587117 	-0.004490638527803736	139.03832478788968
4327.028039695966 -0.9170427772954477 	0.25694622987201254	-138.0376910522155
4322.263115931937 0.4279554416268853 	-0.3845591859905012	-23.03732978251122
4309.173608510422 0.7109319902417939 	-0.18810330409993048	-51.81300160344384
4318.812624138446 0.05156483391612478 	0.4325995112850003	63.60339866318225
4322.655731679365 -0.12981720291602883 	0.42102518678342393	-23.925755349973628
4316.244250905016 -0.8586781861405057 	0.00977183340965615	-173.80289953096292
4324.874509383701 1.1813268281037896 	0.28033471946126576	-16.89564555757056
4321.197884539863 2.2430666901928236 	0.051556016116526826	-100.01692858183893
4323.328267135695 1.4902481046937124 	0.28711751922090323	100.23149604758197
4325.444226680018 0.1687687996160777 	0.4201928267668996	33.43822204609785
4312.705275867449 1.904699068457601 	-0.022066824654285	-52.268527533873154
4316.885955321162 -0.029047293451413464 	-0.10307695858425292	-125.6260372906703
4319.609301791952 1.416349763528756 	-0.03055292359852746	0.6776885979345195
4312.800118707288 -0.9646137151040163 	0.030979381581162757	72.62242296807335
4314.099642238432 0.41600646076437037 	-0.3574630779187994	11.146387186061617
4306.621740186236 -0.22230553387240906 	-0.4045338837309812	-73.90157558771546
4310.698203092116 0.2506401822113228 	-0.02508341702890693	-159.71328334138764
4322.907355273863 0.9496387403817675 	-0.35596381429011914	-177.61098259485382
4322.604612705284 -0.13854899960882264 	0.01803214851603263	-1.0998032673617786
4329.0724785621705 -0.20304968166950466 	0.2796018760831226	-166.93491532106808
4317.998495533512 0.2528552723639533 	-0.44377580925383786	-61.05984063168016
0.6500000000000001
4328.693872011415 -0.21931883947215094 	-0.09987615768843205	-37.274607273015306
4324.171340034813 -0.8463671225754498 	-0.3563642572433431	166.3024957457585
4327.593772382513 1.4364828873524131 	-0.3202671380316523	26.39954750794587
4313.990273825241 0.8746656875496812 	-0.4296924195270042	-51.9366811261406
4319.749656086432 0.028056163482222885 	0.2619760243082292	111.50354670217297
4313.039441777555 -0.9919774415967169 	0.36959005692450275	-147.3603178235107
4322.738572828012 0.09445836558509206 	-0.1201995635010582	-172.76032677820064
4313.769203982625 -0.010970017728063532 	0.42016038025178604	-134.19563514125446
4320.180857068212 -0.28557140520888435 	-0.004490638527803736	139.03832478788968
4330.489016041386 1.1493412604594426 	0.25694622987201254	-138.0376910522155
4320.406504758345 -1.4614571376358114 	-0.3845591859905012	-23.03732978251122
4311.632496252545 0.846646544430746 	-0.18810330409993048	-51.81300160344384
4322.79939684735 -1.205962564243148 	0.4325995112850003	63.60339866318225
4323.72251944676 -0.06610428345163087 	0.42102518678342393	-23.925755349973628
4319.1231919371085 -0.789129027273655 	0.00977183340965615	-173.80289953096292
4325.753175046015 1.3985998397143375 	0.28033471946126576	-16.89564555757056
4322.539150621047 1.2177348879960928 	0.051556016116526826	-100.01692858183893
4325.467838584246 -0.5137448258366291 	0.28711751922090323	100.23149604758197
4325.696633099193 0.8559331400482502 	0.4201928267668996	33.43822204609785
4309.159628284892 1.2534743160642392 	-0.022066824654285	-52.268527533873154
4320.905029257004 0.4057696348730867 	-0.10307695858425292	-125.6260372906703
4322.172238892756 -0.6770071810001037 	-0.03055292359852746	0.6776885979345195
4314.751504939944 -0.10838794971623339 	0.030979381581162757	72.62242296807335
4315.433631394303 0.14822016059775803 	-0.3574630779187994	11.146387186061617
4302.31963399864 1.297233838056381 	-0.4045338837309812	-73.90157558771546
4310.011439052207 0.12118738515350809 	-0.02508341702890693	-159.71328334138764
4321.1892808386665 -0.8400399531977446 	-0.35596381429011914	-177.61098259485382
4322.309657834881 0.15869605287567556 	0.01803214851603263	-1.0998032673617786
4330.13681044729 -0.05515471954305775 	0.2796018760831226	-166.93491532106808
4319.274288717941 0.4501224219362458 	-0.44377580925383786	-61.05984063168016
0.7000000000000001
4329.145616219634 -0.03712482877139087 	-0.09987615768843205	-37.274607273015306
4325.205721566022 -0.7540477075017264 	-0.3563642572433431	166.3024957457585
4328.471207979879 1.5029886181848289 	-0.3202671380316523	26.39954750794587
4315.245158845275 0.8519557203094694 	-0.4296924195270042	-51.9366811261406
4321.671086767362 -0.028913559344037866 	0.2619760243082292	111.50354670217297
4317.319389834901 0.024201518862057844 	0.36959005692450275	-147.3603178235107
4318.378474051817 1.36347967745136 	-0.1201995635010582	-172.76032677820064
4319.140141912348 1.1637019550290753 	0.42016038025178604	-134.19563514125446
4320.90403506036 -0.35686660839884055 	-0.004490638527803736	139.03832478788968
4331.852338575463 1.310841278596828 	0.25694622987201254	-138.0376910522155
4320.778420323017 -1.3530268205403662 	-0.3845591859905012	-23.03732978251122
4315.645495790985 1.1533752760628233 	-0.18810330409993048	-51.81300160344384
4320.588547491245 0.2431986187350408 	0.4325995112850003	63.60339866318225
4324.305426737148 0.004036664949443017 	0.42102518678342393	-23.925755349973628
4321.241302290894 -0.8788191205312103 	0.00977183340965615	-173.80289953096292
4326.393106198576 1.6703898296917905 	0.28033471946126576	-16.89564555757056
4321.612989766889 -0.17631787082474826 	0.051556016116526826	-100.01692858183893
4326.346899574635 -0.4580145892307126 	0.28711751922090323	100.23149604758197
4326.499158470777 0.7452492399724097 	0.4201928267668996	33.43822204609785
4311.056674316528 0.8323661049317371 	-0.022066824654285	-52.268527533873154
4322.2259277066405 0.40086928091121127 	-0.10307695858425292	-125.6260372906703
4321.07632397536 0.6072577223383511 	-0.03055292359852746	0.6776885979345195
4315.751775194183 -0.8074838370663284 	0.030979381581162757	72.62242296807335
4310.627049744475 0.6753719902003926 	-0.3574630779187994	11.146387186061617
4312.222313538147 -1.0950487608572042 	-0.4045338837309812	-73.90157558771546
4310.99640238052 0.02398115015272449 	-0.02508341702890693	-159.71328334138764
4324.028775466343 -1.519586203294802 	-0.35596381429011914	-177.61098259485382
4325.028675689635 -0.39465357220525477 	0.01803214851603263	-1.0998032673617786
4330.813545118826 -0.4043578859403326 	0.2796018760831226	-166.93491532106808
4319.663799929547 0.41869002234710423 	-0.44377580925383786	-61.05984063168016
0.7500000000000001
4329.653228678865 -0.5106814171406495 	-0.09987615768843205	-37.274607273015306
4326.395968561175 -1.3775487031068918 	-0.3563642572433431	166.3024957457585
4328.859479406734 0.2870974945408988 	-0.3202671380316523	26.39954750794587
4316.8437893410755 0.9680430736289685 	-0.4296924195270042	-51.9366811261406
4322.666042498823 0.16418170227771614 	0.2619760243082292	111.50354670217297
4319.481003526371 1.0855354952231235 	0.36959005692450275	-147.3603178235107
4324.223571421863 -1.621548927737432 	-0.1201995635010582	-172.76032677820064
4320.941873074062 -1.3406178943971638 	0.42016038025178604	-134.19563514125446
4322.723000036459 -0.40314478225712647 	-0.004490638527803736	139.03832478788968
4332.597719292603 1.3213269815442141 	0.25694622987201254	-138.0376910522155
4318.343322962995 0.23877236255282602 	-0.3845591859905012	-23.03732978251122
4318.016036478249 1.6686404201281746 	-0.18810330409993048	-51.81300160344384
4321.3062996361805 0.17265959969937691 	0.4325995112850003	63.60339866318225
4324.983332472099 -0.06466742232467217 	0.42102518678342393	-23.925755349973628
4322.610087058932 -0.9901008863560165 	0.00977183340965615	-173.80289953096292
4327.156105990974 1.7879737260687256 	0.28033471946126576	-16.89564555757056
4324.591616883742 0.09195153698074425 	0.051556016116526826	-100.01692858183893
4326.9324883199115 -0.4209983344495064 	0.28711751922090323	100.23149604758197
4327.349604774796 0.5461262398961299 	0.4201928267668996	33.43822204609785
4318.795323962682 0.0033740884766914146 	-0.022066824654285	-52.268527533873154
4323.563555569157 0.28751300795656465 	-0.10307695858425292	-125.6260372906703
4324.669753468649 0.26786496305509305 	-0.03055292359852746	0.6776885979345195
4314.4230358411505 0.2107032068528636 	0.030979381581162757	72.62242296807335
4315.106992503905 0.005186819848121289 	-0.3574630779187994	11.146387186061617
4316.239395347165 -0.2905283903046676 	-0.4045338837309812	-73.90157558771546
4315.741810295259 0.018582076561648855 	-0.02508341702890693	-159.71328334138764
4322.411447679629 -0.9217915721700256 	-0.35596381429011914	-177.61098259485382
4325.478562582902 -0.3055378191063218 	0.01803214851603263	-1.0998032673617786
4332.04996614793 -0.3619140367315278 	0.2796018760831226	-166.93491532106808
4320.591088832133 0.38026851049991145 	-0.44377580925383786	-61.05984063168016
0.8
4330.979323588256 0.006461106681011682 	-0.09987615768843205	-37.274607273015306
4327.220146524237 -1.2808033372734227 	-0.3563642572433431	166.3024957457585
4327.532506012079 0.1068418315653629 	-0.3202671380316523	26.39954750794587
4318.568105490499 1.399639159590636 	-0.4296924195270042	-51.9366811261406
4323.712387534927 -0.045352831973690035 	0.2619760243082292	111.50354670217297
4319.874415154033 0.5521766287572601 	0.36959005692450275	-147.3603178235107
4326.734297669877 -1.3500807456049513 	-0.1201995635010582	-172.76032677820064
4322.68759069257 -0.8639071605500114 	0.42016038025178604	-134.19563514125446
4324.197694740842 -0.32981138652311115 	-0.004490638527803736	139.03832478788968
4333.734334448432 1.4132828437367624 	0.25694622987201254	-138.0376910522155
4324.024332711269 0.9880123270862672 	-0.3845591859905012	-23.03732978251122
4319.304851234369 1.6894445977219228 	-0.18810330409993048	-51.81300160344384
4322.407198343359 0.001251517471324003 	0.4325995112850003	63.60339866318225
4325.719324325497 -0.056597308925604405 	0.42102518678342393	-23.925755349973628
4323.601320125905 -1.0919304997101917 	0.00977183340965615	-173.80289953096292
4327.696468271896 1.8203740716547296 	0.28033471946126576	-16.89564555757056
4322.539782148073 0.69834511013404 	0.051556016116526826	-100.01692858183893
4327.4355349516145 -0.20750940911548826 	0.28711751922090323	100.23149604758197
4328.005928392146 0.4699101886658388 	0.4201928267668996	33.43822204609785
4318.043394074093 0.30018028023456533 	-0.022066824654285	-52.268527533873154
4324.204652156401 0.30762571897604496 	-0.10307695858425292	-125.6260372906703
4329.171132590494 1.3684698263983477 	-0.03055292359852746	0.6776885979345195
4317.183615217005 1.7082570813030409 	0.030979381581162757	72.62242296807335
4317.749822432277 -0.6201746069586426 	-0.3574630779187994	11.146387186061617
4316.4402295122945 -2.1285697951465896 	-0.4045338837309812	-73.90157558771546
4315.276040971844 -0.5887679760923886 	-0.02508341702890693	-159.71328334138764
4325.833792534286 1.2473979381615086 	-0.35596381429011914	-177.61098259485382
4327.187321874334 -0.7213262587413092 	0.01803214851603263	-1.0998032673617786
4333.035241562902 -0.17378347940621539 	0.2796018760831226	-166.93491532106808
4321.591075829555 0.46713673109118137 	-0.44377580925383786	-61.05984063168016
0.8500000000000001
4331.558655697205 -0.1343206387678873 	-0.09987615768843205	-37.274607273015306
4327.997135269539 -1.4254155932598986 	-0.3563642572433431	166.3024957457585
4329.581222502818 1.4603205382311653 	-0.3202671380316523	26.39954750794587
4319.307069723757 1.560345295275454 	-0.4296924195270042	-51.9366811261406
4324.622269564318 0.1395579053174403 	0.2619760243082292	111.50354670217297
4319.891273593508 0.03148934738262092 	0.36959005692450275	-147.3603178235107
4328.126786640001 -1.376806081294841 	-0.1201995635010582	-172.76032677820064
4323.511504231886 -0.9987762899594482 	0.42016038025178604	-134.19563514125446
4325.232050500952 -0.11349099616318009 	-0.004490638527803736	139.03832478788968
4334.331258920708 1.6987770069458954 	0.25694622987201254	-138.0376910522155
4324.2008024645975 1.0616121024539413 	-0.3845591859905012	-23.03732978251122
4320.213936350337 1.6537280060151143 	-0.18810330409993048	-51.81300160344384
4324.933351335552 -0.24907608429570854 	0.4325995112850003	63.60339866318225
4326.360342528067 0.007808614648722459 	0.42102518678342393	-23.925755349973628
4319.159092666435 -0.9563809305658715 	0.00977183340965615	-173.80289953096292
4328.458766829214 1.9597133121705572 	0.28033471946126576	-16.89564555757056
4308.959940685317 -1.1803793123204687 	0.051556016116526826	-100.01692858183893
4328.2499497802555 -0.1282408497737137 	0.28711751922090323	100.23149604758197
4327.844908887395 1.3569004331361727 	0.4201928267668996	33.43822204609785
4321.680655363856 0.2823584444211425 	-0.022066824654285	-52.268527533873154
4324.928627778964 -0.10687309557276398 	-0.10307695858425292	-125.6260372906703
4330.320825882244 1.7962420837755828 	-0.03055292359852746	0.6776885979345195
4320.950132225512 -1.1796532517802578 	0.030979381581162757	72.62242296807335
4320.001177022934 0.08064520658980988 	-0.3574630779187994	11.146387186061617
4317.468881805161 0.5544218802308 	-0.4045338837309812	-73.90157558771546
4312.255461492578 0.1322225842261177 	-0.02508341702890693	-159.71328334138764
4326.42708932411 -1.5188896886340737 	-0.35596381429011914	-177.61098259485382
4327.3140242088975 -0.6742848468847151 	0.01803214851603263	-1.0998032673617786
4334.60848843517 -0.011140301201418255 	0.2796018760831226	-166.93491532106808
4321.92780703713 0.4146197240959642 	-0.44377580925383786	-61.05984063168016
0.9000000000000001
4332.0191935397 0.014630255037315463 	-0.09987615768843205	-37.274607273015306
4328.734834347886 1.2403486411021487 	-0.3563642572433431	166.3024957457585
4330.645886690677 1.656891270522484 	-0.3202671380316523	26.39954750794587
4319.062106019359 1.6507662226527138 	-0.4296924195270042	-51.9366811261406
4325.3115447245655 0.30300850072460694 	0.2619760243082292	111.50354670217297
4329.474334283035 1.6707320752686114 	0.36959005692450275	-147.3603178235107
4329.89382065923 -1.417396081072334 	-0.1201995635010582	-172.76032677820064
4324.36081016323 -0.8518395699060671 	0.42016038025178604	-134.19563514125446
4325.819736418005 0.06659886981359239 	-0.004490638527803736	139.03832478788968
4334.96280346796 1.755972748278931 	0.25694622987201254	-138.0376910522155
4325.916434835264 1.0142570718298103 	-0.3845591859905012	-23.03732978251122
4320.924043903562 1.543265465621387 	-0.18810330409993048	-51.81300160344384
4324.5970045241875 -0.278899315042327 	0.4325995112850003	63.60339866318225
4326.664200346061 0.09198992122095252 	0.42102518678342393	-23.925755349973628
4326.48751737566 -0.604334827748839 	0.00977183340965615	-173.80289953096292
4329.004164289686 1.7721553008860484 	0.28033471946126576	-16.89564555757056
4326.123114113565 0.31725241803502524 	0.051556016116526826	-100.01692858183893
4328.548337546722 -0.13184765017938524 	0.28711751922090323	100.23149604758197
4328.486633136057 1.2272661903016684 	0.4201928267668996	33.43822204609785
4323.621230191191 0.6353893509169899 	-0.022066824654285	-52.268527533873154
4325.686716132148 -0.2613411169279459 	-0.10307695858425292	-125.6260372906703
4330.933209080911 1.775758025994207 	-0.03055292359852746	0.6776885979345195
4325.371580523808 -1.077936081951939 	0.030979381581162757	72.62242296807335
4320.372705574298 0.7714958319756784 	-0.3574630779187994	11.146387186061617
4319.605382182044 0.1022022558140495 	-0.4045338837309812	-73.90157558771546
4320.04498709414 1.8646271380656918 	-0.02508341702890693	-159.71328334138764
4328.29211628691 1.1424999645873872 	-0.35596381429011914	-177.61098259485382
4329.312053227105 -0.9749175993253725 	0.01803214851603263	-1.0998032673617786
4335.343644585324 -0.1312672615960521 	0.2796018760831226	-166.93491532106808
4322.027114901768 0.08821286796818936 	-0.44377580925383786	-61.05984063168016
0.9500000000000001
4332.377184889959 0.05961196774610946 	-0.09987615768843205	-37.274607273015306
4329.3786187784035 1.206312184781652 	-0.3563642572433431	166.3024957457585
4330.819342328794 1.6974405877672092 	-0.3202671380316523	26.39954750794587
4320.959398528937 -0.11898787279512327 	-0.4296924195270042	-51.9366811261406
4326.255598862383 0.3583477805780518 	0.2619760243082292	111.50354670217297
4331.6650990134385 1.1293048947476227 	0.36959005692450275	-147.3603178235107
4331.627076098403 -1.6162770463688663 	-0.1201995635010582	-172.76032677820064
4324.611186873983 -0.5417977589039217 	0.42016038025178604	-134.19563514125446
4326.181218317403 0.11180687857318487 	-0.004490638527803736	139.03832478788968
4335.905061619889 -0.937173916796254 	0.25694622987201254	-138.0376910522155
4326.557631051702 0.957101582692438 	-0.3845591859905012	-23.03732978251122
4321.552750264449 1.2212632683031093 	-0.18810330409993048	-51.81300160344384
4326.101008708936 -0.1038823377051002 	0.4325995112850003	63.60339866318225
4326.932005645342 0.055553677234621936 	0.42102518678342393	-23.925755349973628
4327.920836102393 -0.18522310319849014 	0.00977183340965615	-173.80289953096292
4329.495341315474 1.7609944740777443 	0.28033471946126576	-16.89564555757056
4327.843223827623 0.5656438670257637 	0.051556016116526826	-100.01692858183893
4329.190756490039 -0.007994153019219082 	0.28711751922090323	100.23149604758197
4328.801370142862 1.2837767447405029 	0.4201928267668996	33.43822204609785
4325.109359614126 0.7993433990411338 	-0.022066824654285	-52.268527533873154
4325.700091912998 -0.29456818007401925 	-0.10307695858425292	-125.6260372906703
4331.55917987843 1.9584060099418736 	-0.03055292359852746	0.6776885979345195
4327.414134184305 -1.2344585752974209 	0.030979381581162757	72.62242296807335
4321.460070883035 0.7593357344228352 	-0.3574630779187994	11.146387186061617
4320.899550156393 -0.00019830407477892936 	-0.4045338837309812	-73.90157558771546
4323.228166686059 1.6422255827594372 	-0.02508341702890693	-159.71328334138764
4329.262098942366 1.0892868692293076 	-0.35596381429011914	-177.61098259485382
4330.1081049778295 -1.1548278753205463 	0.01803214851603263	-1.0998032673617786
4335.92551264196 0.11210365534070073 	0.2796018760831226	-166.93491532106808
4322.841806037525 0.1763797903946154 	-0.44377580925383786	-61.05984063168016
