4328.025398170529 -1.292521659428545 	-0.10930808440260098
4328.19957337738 0.19036062799372927 	-0.2957182303132816
4320.277494420365 -1.3166032927411184 	-0.24500155996584916
4324.155433462607 1.9769235924117756 	-0.048246164123885715
4316.480776735487 -0.6030231791557465 	-0.19328700026088652
4316.196549265313 -0.006434186203908918 	-0.4844189932059373
4318.658892294594 0.5453875186179025 	-0.39636908412165683
4323.533587030944 0.7011077774183904 	0.23752942036145974
4314.709713046756 0.055297866060256266 	-0.3671234543842571
4326.11484155075 0.6859485720837886 	0.24558681150988093
4321.939613568116 -0.5089112345549696 	-0.2326534936767155
4324.0471710958445 1.7534591157777952 	-0.4655045928901663
4319.310016943933 -0.033941204231596495 	0.20311166115323553
4325.315287068133 -0.24637931265630167 	0.24454132513493487
4325.111943375251 0.7706165343637167 	-0.17544466503511658
4325.153175140351 -0.8609080612562987 	-0.41371880383509085
4313.413912455061 0.8561742229055681 	0.21985482253401212
4320.494618485156 -0.7699112308436513 	-0.05611126134119948
4326.757461733813 1.5251413410807708 	-0.4553238585685435
4318.792269259687 -0.8685699782056385 	-0.36432436573749183
