4311.473736232255 -1.9030437134019647 
4313.610629704828 -1.1654877526582121 
4309.089909995243 -1.632440683498742 
4305.176846320981 -0.7618361819329634 
4311.735955943646 -0.4103265557726382 
4310.129320260275 1.1244135975552092 
4293.426799175461 0.7302095504477979 
4309.930071938194 -0.29000918533297154 
4310.284443702972 -1.0138496339902792 
4304.820843260776 -0.004797308189240768 
4301.856202845632 -0.03779866531341801 
4302.785980130022 -0.9693144152352916 
4312.061784941608 -0.1174570900292629 
4313.610505476403 -1.1535625874341624 
4300.843026524724 0.5815012536959385 
4302.939000399176 0.28469206516403694 
4299.9295896978065 -1.5835900571078423 
4310.531311151529 0.7681576284242937 
4303.450465717038 -0.5596823726172361 
4308.319085154738 -1.7483954197312543 
