4320.101180353656 1.3992450001507097 	-129.18931963473898
4320.559172517262 -0.25128122297690236 	-148.2804299126875
4321.107614837721 0.2993531685615989 	-96.40391393079867
4320.983099503232 -0.29239222800384335 	-149.4647988530727
4326.77026942035 0.30654890633247783 	118.33542305232697
4328.773208564561 0.011769352897614785 	18.876795871570295
4330.807253783683 -0.877990283677566 	29.88196615084783
4321.103652160291 1.2283391619252102 	-69.68729746007347
4326.179108874261 -0.8646901588403294 	71.26249651061912
4327.301531742197 -0.3123778344448355 	42.70069260340139
4329.912821176 0.7302500209374934 	85.83735521565626
4335.1939221986195 -0.12322459175770846 	175.0606840162052
4320.640164219416 -0.28125447197909403 	-148.17842518005648
4323.233293793226 -0.0691814638206164 	70.06572368674458
4321.570541412756 0.9789567213058397 	155.50082359141356
4325.814943495383 0.1683157925635187 	47.08612106354482
4323.457907153774 0.9244174143467674 	46.723196249191716
4331.168747292668 0.35951144646204725 	4.3452829125033645
4318.055219774804 -0.12064176864502288 	-134.18543758591244
4315.987490974566 -0.11710010814513402 	54.09524195778249
