4316.192418689236 2.001233186675417 
4331.531483295846 -1.2096847082721403 
4307.796163135315 3.6017629740006085 
4316.692740428917 1.6738635237672594 
4319.949764426249 -0.10676102190212287 
4315.4895820301335 3.9443763545163515 
4325.377849323838 1.11069209557822 
4307.97167393657 3.4126664252743617 
4319.54353165723 -0.41832336765144734 
4330.083548600385 -0.3069756708689368 
4319.963818397275 -0.08797188339207627 
4319.616707839331 -0.3801669271994605 
4318.629481514514 2.1745306793380017 
4311.637078592229 2.268461200260147 
4308.70390515867 3.055534762137971 
4329.503247105881 -0.9184009508370715 
4316.226752838411 1.9804849157974371 
4312.368577938473 2.007555464390775 
4316.294087689543 2.0881546738530403 
4328.760607517245 -0.5142317981470266 
