2143.172742227175 -10.413580660790954 	47.25638398017068
2138.998950084794 -10.4776430853415 	47.60857549835167
2153.167082670266 -9.698799780983988 	44.06125829748679
2153.1179215292773 -10.324073595624087 	44.63653382643928
2150.6393894848793 -10.717077593333062 	43.14847372976999
2146.2641699793007 -10.583006515894787 	46.55246422489504
2154.9801035873597 -10.016072603055855 	44.68259886388256
2146.6860258482634 -9.502620889252412 	42.09821829110974
2145.1233589605977 -9.870001864531957 	42.25897823737546
2152.5722299144536 -9.797914080281117 	44.45032208151308
2147.702630057908 -10.600902959939951 	46.57865934085012
2146.907898575613 -10.27659195335442 	42.91873480130046
2141.464903360412 -10.101183305602238 	47.6235037938261
2149.229757732302 -9.732814441921763 	42.557950527823685
2150.1808741937766 -9.386615913786834 	46.220309882672005
2151.229288538273 -10.161449167734615 	45.36627287571756
2149.873001094611 -10.44547251512904 	42.84916528565974
2154.0438632671385 -9.6313610441345 	45.23589293828279
2149.400696504763 -9.787557232109172 	42.545304200340944
2150.8500150275217 -10.501439582335562 	42.94505881189684
