6278.157625371664 -3.976113075345277 	45.31709397012012
6273.861453222244 -0.13595042499210008 	46.70144182156504
6273.275887510494 0.3358783183929554 	46.41576097292492
6271.091282523502 -2.6188296840704233 	46.24716272723644
6275.550842882433 -1.7294558333016419 	42.12964141627635
6272.137371611912 1.05698428285762 	47.583205899888384
6272.480702546981 1.137017610284059 	45.11251586325154
6272.491467639668 1.6416657913797092 	45.612003462318846
6270.624566009179 10.63698697379627 	42.362955769411165
6274.78725544231 -0.6992164645855529 	46.937332813462255
6271.98374606279 0.0302911783071737 	43.15143802089644
6258.576773742515 8.695017472269207 	44.70274032953583
6270.306901077645 -0.8802349693588624 	47.88151105062358
6273.928811983501 0.5436045120786996 	45.80669573861087
6272.3953262440045 3.0434984129296088 	46.88838718490163
6270.368950263626 0.9536542181801815 	42.52654087738986
6272.080280227806 1.2931930923445194 	45.11572992724542
6277.022130035432 0.07112121468543386 	44.202240524887934
6273.741460101029 -0.4186378682704461 	43.56893493805772
6269.057044797484 3.443228074517032 	47.42870706023523
