2154.245867716335 -6.603358091727397 
2152.0307121595315 -10.587647540934116 
2151.139501742217 -5.808752136208849 
2156.1526090283596 -7.652845124893848 
2153.221685659371 -9.726995031306274 
2155.8742694122525 -10.585081320412694 
2156.484634960749 -7.76690250046135 
2155.1336973997686 -11.457791906924896 
2148.8628197524663 -8.742736995431194 
2151.908635879887 -10.125148348555463 
2148.9686056969344 -9.828374388612238 
2154.1620255547614 -7.429266008477084 
2153.080105303781 -7.320366907871936 
2155.554143835745 -10.331342985641534 
2158.212709378891 -11.370480249492974 
2153.3884557816773 -6.051721625866679 
2155.1072922016187 -10.6088252232629 
2154.991778211699 -8.912696664316606 
2155.6184909348913 -10.719276887036417 
2155.973783011121 -6.639754302050498 
