5194.405735344853 -0.30702190694923753 -180
5194.676126638041 -4.3265639021202995 -178
5195.499498195789 -10.40410582353026 -176
5196.370455688069 -16.58401513576607 -174
5197.1616641271885 -20.748413149824824 -172
5198.5077144282 -27.09160217765498 -170
5200.040757194229 -33.447469474105 -168
5201.054832068303 -37.66567720935986 -166
5202.947638888066 -43.958913211605584 -164
5204.902968859062 -50.18375546214041 -162
5206.464295942763 -54.32723023106413 -160
5208.941207425728 -60.43835843609274 -158
5211.817930619838 -66.2598497445215 -156
5213.306212441683 -69.95827144317599 -154
5215.995152777793 -75.35202706752352 -152
5218.898675008014 -80.48339459969023 -150
5221.176302877564 -83.89448718391753 -148
5224.159927398967 -88.86834700086327 -146
5227.408336232643 -93.62805924374277 -144
5230.010396512612 -96.8374307981726 -142
5234.398032878338 -100.86242455489779 -140
5237.5854449381995 -105.44292383221865 -138
5240.808334782106 -108.54781356029416 -136
5244.963433125514 -112.23370459452556 -134
5249.743242979191 -116.13093244784046 -132
5252.874307399328 -119.1968502438762 -130
5257.157311865726 -123.8287770593058 -128
5262.392971810746 -128.0124980463992 -126
5265.348868181284 -130.521706423057 -124
5271.2441825403475 -134.11418787328972 -122
5276.5484314144005 -137.74650523879782 -120
5280.28051634141 -140.17132134178493 -118
5286.0649122078285 -143.76752551385204 -116
5292.262555303248 -147.08851475225484 -114
5296.47629991676 -149.76215355056326 -112
5302.630653480119 -153.14453761028577 -110
5309.306411531147 -155.93598666699438 -108
5313.898996274995 -157.74326256319074 -106
5320.653942830252 -160.3031925797839 -104
5327.755779297926 -162.52892875992927 -102
5332.576573812124 -163.71950954361984 -100
5339.954960991595 -165.42232230726924 -98
5347.403106928466 -166.59830414677913 -96
5352.325014133605 -167.15867614259685 -94
5359.736511303893 -167.73120282491195 -92
5367.710038652797 -168.01373303697432 -90
5372.869735722674 -167.82538945228598 -88
5380.142420605511 -167.0245027777386 -86
5385.141681739593 -166.779351467368 -84
5392.278376741216 -166.04316672666124 -82
5399.496790087178 -164.7470057503811 -80
5403.756929184828 -164.05059034122897 -78
5408.860029065525 -163.43545130346223 -76
5415.782523611291 -161.6836295653309 -74
5420.658119418052 -160.68093920974098 -72
5428.127530801423 -159.23962272352728 -70
5435.299832412793 -157.54812276030285 -68
5440.044878488278 -156.5289481864126 -66
5446.85363170339 -154.68994687495993 -64
5453.813411903355 -152.6892965078475 -62
5458.319501162137 -151.27052493210317 -60
5465.270126571783 -149.0970281301765 -58
5472.1554076624725 -146.71145790060956 -56
5476.567227840804 -144.98813505938043 -54
5483.227270549266 -142.2271728947833 -52
5489.7232619705155 -139.20591715826356 -50
5494.096283845854 -137.05151561329924 -48
5500.429965331839 -133.56039248784506 -46
5506.470855416866 -129.7513731669138 -44
5510.52833444628 -127.0517116451093 -42
5516.330689549873 -122.7528080287924 -40
5521.8997369457775 -118.19269555360208 -38
5525.375553964892 -114.99216134554288 -36
5530.477825934306 -109.95494566963181 -34
5535.15675664692 -104.59216684027692 -32
5538.290184427526 -100.85159858017921 -30
5542.55701955078 -94.94881392258702 -28
5546.583563121069 -88.73004319490398 -26
5548.962175540907 -84.41754952680907 -24
5552.377072758265 -77.75591135214586 -22
5555.555007310114 -70.88933145907622 -20
5557.475658359402 -66.20962073920211 -18
5560.202218640939 -59.07017707539209 -16
5562.521630322246 -51.808289508886965 -14
5563.948324606424 -46.91977486478903 -12
5565.752511605335 -39.52311994577838 -10
5567.309029457454 -32.046134988097606 -8
5568.153111822504 -26.994565185113228 -6
5569.55792602743 -19.336265815547033 -4
5570.728541437326 -11.7718964756352 -2
5570.958776527672 -6.796172797742426 0
5571.364485149395 0.5514770822461244 2
5570.879496033276 7.837859251233082 4
5570.897047902356 12.634411839060208 6
5570.174838296605 19.86851505560391 8
5568.272604194018 26.909488209642458 10
5567.165139449024 31.59560486962551 12
5565.665130924427 38.550955208881895 14
5563.870030533782 45.337442887230765 16
5562.138017395981 49.48567846577359 18
5559.297523255366 55.86248806782399 20
5556.640712287307 62.28089924426703 22
5554.226584145322 66.30077049287544 24
5549.766829643421 72.236558996864 26
5545.177514284911 78.47233524273706 28
5542.666579854587 82.41381579901406 30
5538.004474976779 87.75401497776478 32
5533.326689766204 93.92874912827571 34
5530.130825902194 97.64462764803774 36
5524.967552711619 103.06829867290382 38
5519.913990055623 108.30792135038119 40
5516.71836611983 111.77036745421833 42
5511.966837331814 117.05955402409784 44
5506.804615749095 121.75557695649299 46
5502.632910670585 124.35162238126289 48
5497.790646503226 129.39866546611805 50
5493.411829328924 131.9911030317854 52
5487.928786064273 136.17309178259603 54
5483.29480147532 140.43050012912488 56
5479.436289187835 142.8135881210145 58
5471.523568045274 145.65525527444933 60
5463.321412143571 148.56331956867228 62
5458.597191862233 150.4131094601353 64
5451.361276851578 152.9508212939893 66
5444.053956650589 154.98416606737976 68
5439.181135222108 156.18639591174986 70
5431.500632305117 157.73161528325744 72
5424.044703771312 158.42924136550405 74
5418.837013113426 158.80670965007224 76
5411.08386831062 160.05047949609508 78
5403.087470526101 160.38341232014318 80
5397.874883161325 160.23204066578433 82
5390.199692959924 159.76698600542585 84
5382.507847431844 158.47574495538151 86
5377.454509204339 157.79517701580073 88
5370.139784683822 157.0538623908768 90
5363.012323068784 155.95578264673563 92
5358.466417858183 154.8569688193519 94
5351.855203265783 152.4681895175527 96
5344.878989474304 151.7043418727308 98
5340.21041312673 150.0057678380733 100
5334.460851338918 147.7875828644087 102
5328.0928493608335 146.2192018163168 104
5323.684137477714 145.27294865021346 106
5317.541875378478 142.88655636233315 108
5311.590514067022 141.18147982703053 110
5307.838458763845 139.51041988670238 112
5302.296221605371 137.06268684719268 114
5296.763815092866 135.01524764253548 116
5292.929574824004 133.53031821159882 118
5287.367396552649 131.20922533828517 120
5282.306796989034 128.3495004173354 122
5279.093813705052 126.19820130178086 124
5274.119171691114 123.04880660682237 126
5268.8390894270515 120.10238234822667 128
5265.214081551026 118.15444108480074 130
5259.931014867501 114.80584283981065 132
5254.989148298254 111.07076410886486 134
5251.526444534324 108.50004216994616 136
5246.3122566443335 104.47189326289289 138
5241.2004241959185 100.27091694522124 140
5238.009179288156 97.29363860565724 142
5233.440220373608 92.54771561367474 144
5229.189812034877 87.55635347578342 146
5226.508181662219 84.10064169968192 148
5222.720693388413 78.74058700265518 150
5219.071434052316 73.27706070552128 152
5216.788759124049 69.59365109786545 154
5213.566090995782 64.0124493693215 156
5210.606813058537 58.41269310576089 158
5208.788627158073 54.71472479638115 160
5206.323889189781 49.220129971875146 162
5204.101989361447 43.79873903625493 164
5202.7194312233005 40.24132663193905 166
5200.91401176601 35.02108050047931 168
5199.32483287188 29.966952123521153 170
5198.482632301903 26.70986381432394 172
5197.15708413381 22.004449193060267 174
5196.166420280806 17.549882422633726 176
5195.5935161137195 14.727896719462409 178
5194.854384341327 10.74051726275152 180
