5764.189020536713 4.569762960656672 -180
5764.964587490744 -2.821309597388119 -178
5765.502438280666 -7.784325481573347 -176
5766.867059580534 -15.26102708700484 -174
5767.795982681409 -20.253544197982237 -172
5769.609703899818 -27.744075494314718 -170
5771.7483789748485 -35.19508941129565 -168
5773.193150672247 -40.11025396730469 -166
5775.661744277502 -47.34053041891457 -164
5778.323341937769 -54.58348189979762 -162
5780.136893026262 -59.36235439274671 -160
5783.968530405715 -66.61681397481378 -158
5786.66154242283 -74.11047466751425 -156
5788.598403954171 -78.52245897294361 -154
5792.181371365749 -84.84877899859895 -152
5796.520998516147 -91.38881789926644 -150
5799.594972359796 -95.5853214614667 -148
5804.080083210122 -101.67832356107355 -146
5808.283145215456 -107.60495674844486 -144
5811.269694865636 -111.26423183930625 -142
5815.87900346082 -116.92929500636136 -140
5820.309314327481 -122.38076741809392 -138
5823.5349528728075 -125.99074507219211 -136
5828.67903413653 -131.3749644843984 -134
5834.323889345615 -136.62090423427378 -132
5838.10174111667 -140.34400089569203 -130
5843.823541046872 -145.12711195812676 -128
5850.3258622117755 -150.13061442989678 -126
5854.450026157214 -153.49950266676277 -124
5861.096612297494 -158.2964506008742 -122
5867.935235795921 -162.91340181600535 -120
5872.848834031087 -165.9244127205515 -118
5880.116349944903 -170.27160690546145 -116
5887.401950596511 -174.7012922666118 -114
5892.537713068012 -177.57651071735964 -112
5900.172057553895 -181.61606240261085 -110
5908.069967979233 -185.34774780576433 -108
5913.36661624625 -187.60751996445998 -106
5921.529734919564 -190.65966637918 -104
5929.955525111558 -193.2820924729393 -102
5935.621086200537 -194.75852511030314 -100
5944.4686445756115 -196.60035204157398 -98
5953.404241985992 -197.94773024016084 -96
5959.3902113458935 -198.58274129423017 -94
5968.66404566006 -199.20428498571786 -92
5977.714645157881 -199.37381141965977 -90
5983.578207788083 -199.29459622913095 -88
5992.971430143841 -198.93105973565216 -86
6001.914152160284 -198.09811363807776 -84
6007.907127426404 -197.326284911144 -82
6016.789791954288 -195.9475341053099 -80
6026.137326170388 -194.43807873287489 -78
6032.0719252789295 -193.06681869569067 -76
6041.035226363514 -190.98297577320113 -74
6049.404123319137 -188.1237115207534 -72
6054.46800227793 -186.6391148984267 -70
6062.6781299507065 -184.11729455947727 -68
6070.793582923469 -181.61703096809032 -66
6076.153419185662 -179.93572096885777 -64
6083.972916762739 -177.35689906580254 -62
6091.8195597558415 -174.69700946731572 -60
6096.904986347702 -172.8358231293404 -58
6104.469015491274 -169.8887583774794 -56
6111.945432543714 -166.69399758638514 -54
6116.723773240416 -164.3820474188389 -52
6123.946304315493 -160.65525974531803 -50
6131.027827888172 -156.5813938345639 -48
6135.686505377463 -153.6708308204928 -46
6142.721843943167 -149.02534677736446 -44
6149.915184416568 -144.04272708795207 -42
6154.579438748401 -140.50045649698433 -40
6161.515002216869 -134.8865794668423 -38
6165.957709085424 -130.95868583064694 -36
6172.509242881273 -124.84938164356156 -34
6178.837884533961 -118.42370003971777 -32
6182.888656066055 -113.9342862304567 -30
6188.6986047216915 -106.89783833115446 -28
6194.322768220489 -99.50689482953716 -26
6197.836563824087 -94.37524894655682 -24
6202.832190395827 -86.38910778169684 -22
6207.486195228688 -78.08158625893968 -20
6210.222332340231 -72.37224741482622 -18
6213.912565510597 -63.57035666615219 -16
6217.266138352352 -54.516981876499116 -14
6219.223890803021 -48.37272286962898 -12
6221.76656479418 -39.03454628225009 -10
6223.9192268739935 -29.58517575691142 -8
6225.127705991582 -23.2257772883569 -6
6226.724519685561 -13.633387010202524 -4
6227.554539382053 -4.217254832804222 -2
6227.783402898564 1.936422518431069 0
6227.690367240508 11.122918625343765 2
6227.012269328901 20.30378835856064 4
6226.885496039729 26.429961680842805 6
6226.431916626574 35.82281102831119 8
6225.243666755387 44.79408096906556 10
6223.612496169491 50.55920379858406 12
6220.077131930535 59.898851086274526 14
6215.920132035196 68.25268820846055 16
6214.523727790766 73.44623477586013 18
6211.880688269605 80.96253827644087 20
6207.673518137054 88.37793751723804 22
6205.329054719602 93.318851409229 24
6200.258493498769 100.6230801354432 26
6196.103541755995 108.17263386143034 28
6191.545662214036 112.62315143129932 30
6186.0269896592545 120.1639682213126 32
6179.475633165963 126.97909858956925 34
6175.558033178935 131.39542485595672 36
6170.0637160392 137.46384607647875 38
6163.227844893628 144.11578367127066 40
6158.981178617248 148.409196677319 42
6152.910297596954 154.64179078024742 44
6145.514075289846 160.9690649896441 46
6140.857527916573 164.86157532640954 48
6133.903580825388 170.5055952611985 50
6127.32346174912 176.1452924541725 52
6120.799223083287 179.64770628593377 54
6111.923777530105 184.35795976753164 56
6104.9034686889045 188.9056138237707 58
6099.763097922988 191.47989720711627 60
6090.83472072501 194.61973389389786 62
6082.158399916217 197.73252523236263 64
6075.577075518189 199.24849265509306 66
6065.927536563147 201.5160131610439 68
6056.320056593884 203.27477572849088 70
6050.05102253108 204.1319955437966 72
6040.017788259441 205.45312182380158 74
6030.3333664306565 206.03421666270742 76
6024.085318104233 205.8418636874745 78
6014.642609442785 205.27013860983965 80
6005.1175965720895 204.45867787724475 82
5999.179843079646 204.06712021716018 84
5990.048777970049 202.3316521744824 86
5984.316375538752 201.3342065595734 88
5978.4013183715015 200.11813462978947 90
5969.575450684718 198.85749799787416 92
5963.744027552271 197.99462558559404 94
5956.170373431719 194.14642071250483 96
5948.434916584066 191.47540963121799 98
5943.778078454428 190.2613954275054 100
5936.670097778666 186.31322784781915 102
5928.841026955986 183.92330649991408 104
5923.870516340238 182.02995528335532 106
5916.78674193003 179.71586335590058 108
5910.019171774196 175.13185991268477 110
5905.443876727492 172.685837308958 112
5898.459542201578 169.8521340435142 114
5891.049260827418 167.3409415871899 116
5886.431350997188 165.60890734803098 118
5879.55455995722 162.7823722751091 120
5872.701119245513 159.7356548894641 122
5868.363996573312 157.58215203332458 124
5862.039193192408 154.14407937484006 126
5855.78399002711 150.4212509071636 128
5851.755146986218 147.79281407614553 130
5845.632770115171 143.61064279117264 132
5839.638376255939 139.19917926654293 134
5835.635073199458 136.11168638769635 136
5829.611407482795 131.24803033419 138
5823.806252794268 126.06262399769072 140
5819.963244709447 122.37162562446821 142
5814.542452845581 116.56514101202026 144
5809.3895671326545 110.49671365046154 146
5806.079700840616 106.2936728211702 148
5801.504118322561 99.79469476894855 150
5797.339498367044 93.108965436192 152
5794.671491304638 88.55518302874111 154
5791.08949611452 81.63235759135223 156
5787.6242125709905 74.61768876720224 158
5785.561218850718 69.94236837449866 160
5782.710803335708 62.97436450100031 162
5780.123449642064 56.10273565640118 164
5778.686439822373 51.60540565626108 166
5776.559431767017 44.9995311791976 168
5774.802582567622 38.62052674820902 170
5773.819002658068 34.51692391764317 172
5772.483667977883 28.624499298396856 174
5771.491475657408 23.113875634031388 176
5770.803915926711 19.678832208619546 178
5770.1348292666025 15.039107730704654 180
