5490.711182421168 -3.7117631595149208 -180
5490.753380864826 -8.487542458747233 -178
5490.858907548179 -15.707896953279514 -176
5491.02786854649 -22.9476188899121 -174
5491.451824020686 -27.768618090250204 -172
5492.073847592845 -34.95359264343489 -170
5493.113215351403 -42.03969741962923 -168
5493.927760583635 -46.66881424727139 -166
5495.428111073422 -53.425967984177504 -164
5497.264894975534 -59.93293660743141 -162
5498.769962380107 -64.14897936589881 -160
5501.232174742092 -70.30160842470087 -158
5504.093093710646 -76.24505251804057 -156
5506.097089227965 -80.0729882151446 -154
5509.521805490532 -85.62966122453462 -152
5513.238924937325 -90.99065398005759 -150
5515.842738462142 -94.45448386673527 -148
5519.904168333232 -99.45140858313123 -146
5523.964263528918 -104.23842296989311 -144
5526.750792578239 -107.42157319103566 -142
5531.763740381244 -112.32000892563585 -140
5536.089685419479 -117.44183180317978 -138
5539.123752352042 -120.77578092119926 -136
5544.077691547621 -125.6239218372385 -134
5549.364395104498 -130.78203299459312 -132
5552.803901896335 -133.8851107083563 -130
5558.000428821646 -138.8379250895636 -128
5563.8042239125025 -143.0107031299972 -126
5567.800597716782 -146.14263651262957 -124
5573.744628942372 -150.7588928410155 -122
5579.684128265102 -155.31784231381874 -120
5583.823985575532 -157.96910479241808 -118
5590.176723097944 -162.53917882204874 -116
5596.767436821369 -166.59750295345026 -114
5601.088046047522 -169.16176499671346 -112
5607.922303002343 -172.71690550157345 -110
5612.476033068526 -174.99214504085356 -108
5619.38308835794 -178.1076115687406 -106
5626.502934649571 -180.96000557142236 -104
5631.3271263498045 -182.6872217936523 -102
5638.67089560378 -184.9937764073703 -100
5646.08127099779 -186.93223974509877 -98
5651.161271935091 -188.02087823266393 -96
5658.8571702980435 -189.32326706362548 -94
5666.917695518564 -190.28209091455338 -92
5672.442764245326 -190.72827539039437 -90
5680.840470220796 -191.11247328002634 -88
5689.510075188088 -191.2216023288499 -86
5695.270223692567 -191.10299562859947 -84
5704.152422709568 -190.66097416525952 -82
5713.332245804907 -189.89212723466275 -80
5719.323844913739 -189.13920053271417 -78
5728.681431141863 -187.75347590728842 -76
5737.845052502085 -186.03123005278027 -74
5743.834266168817 -184.71830515026596 -72
5752.811215277049 -182.5422906818675 -70
5761.829101628694 -180.3134576071536 -68
5767.809614512523 -178.70898684271913 -66
5775.853851291269 -176.13469674668914 -64
5783.966322598178 -173.54356866936953 -62
5789.053357966035 -171.71562209116618 -60
5796.915656962322 -168.60078486840672 -58
5805.425975756983 -165.55251504924234 -56
5809.385397214703 -163.05262392480634 -54
5817.7109018539895 -159.6100840253992 -52
5825.639519661929 -155.80473658332681 -50
5829.491692049239 -152.853938655442 -48
5834.591880757541 -148.2829943279206 -46
5841.078290177038 -143.6839102557907 -44
5845.3583559281415 -140.45614982493362 -42
5851.645935357102 -135.38084630023076 -40
5855.602456689543 -131.8142931113392 -38
5859.349997856129 -128.09548109378767 -36
5865.049343516292 -122.2835491460012 -34
5870.35074943744 -116.13952526811171 -32
5873.778780868121 -111.85748735193737 -30
5878.756506035348 -105.18378447564689 -28
5883.487644850954 -98.19542974758392 -26
5886.586491369783 -93.37739310497425 -24
5890.853856583843 -85.91068296838833 -22
5895.042651895835 -78.20965626941789 -20
5897.545010645669 -72.94545993115564 -18
5901.164018143103 -64.89160687490411 -16
5904.544951108231 -56.663147041758556 -14
5906.592664153377 -51.0907247516627 -12
5909.331960671677 -42.637801262798256 -10
5911.76013886511 -34.175608191301166 -8
5913.216798043378 -28.604925248001496 -6
5914.9769802031005 -20.416844582122078 -4
5916.197317379499 -12.355257758110216 -2
5916.629197228374 -7.000241244927763 0
5916.69296868185 1.016906526514521 2
5915.930909671355 9.015019267496942 4
5914.943942816782 14.331839476258493 6
5913.399679091502 22.26170282413003 8
5911.172675701916 30.083048495880014 10
5909.554722234186 35.23379940724819 12
5906.605352048966 42.82439516446106 14
5903.2285031270385 50.220347019568266 16
5900.9192438109 55.046766845773284 18
5897.0766050376 62.10871588010705 20
5894.366126825283 66.6988225529252 22
5890.081051202032 73.39950152140666 24
5885.597815541302 79.88369971059498 26
5882.497599634261 84.09598850510743 28
5877.8130949601 90.27384184574386 30
5872.93173608454 96.28727623059252 32
5869.75634330114 100.2364253246886 34
5864.821757216083 106.06716992972773 36
5859.881617058446 111.8378599765738 38
5856.280251275595 115.56224366504266 40
5850.808528010012 121.17060532403875 42
5845.045193801298 126.93327786317913 44
5840.580403389951 130.7454757702548 46
5834.82035305924 136.076631410875 48
5831.469362625514 141.0981764308657 50
5829.0766632739505 144.5606168499779 52
5820.218268741041 149.35607018943355 54
5811.115758169144 153.17491447999646 56
5807.101878294256 155.76203089984944 58
5801.045186766662 160.03298891096824 60
5793.322401249932 163.50777283182225 62
5787.831079707178 165.4258869344004 64
5779.99728431279 168.0941504944712 66
5771.417970396963 170.263217161413 68
5765.782183306852 171.38138161476417 70
5757.035232510807 172.64840628380807 72
5748.125178095984 173.56528188085818 74
5742.043503636959 173.9632045974315 76
5732.827172102654 174.24513898381463 78
5723.790558282515 174.2340405537063 80
5717.642707962569 174.03025325378664 82
5708.666542806521 173.52922916844477 84
5699.5964335777735 172.73686347195425 86
5693.677103408069 172.07327011207684 88
5685.013893194165 170.84768398508737 90
5676.614075661582 169.31337127981504 92
5671.213105852646 168.104456123228 94
5663.519340046115 166.12982901295402 96
5655.969234563949 164.19977194569543 98
5651.050907481417 163.05514708978123 100
5643.4854602719515 161.47261012892199 102
5636.343446564388 159.8565139924603 104
5631.761312313329 158.63722656261186 106
5625.099498077239 156.5997041485874 108
5618.780356024227 154.3243960950876 110
5614.60785492681 152.65847763094254 112
5608.577709012736 149.9705415182564 114
5602.789491407693 147.14610688096963 116
5598.949835836775 145.19746733033716 118
5593.018250598691 142.1703390073467 120
5587.3486329244 139.07299029060775 122
5583.706879202326 136.87977077549382 124
5577.660598557834 134.0035831940076 126
5572.181744712633 130.20336609498352 128
5568.960333288586 127.2277909313007 130
5563.42179627527 123.44579787652741 132
5557.398374260457 119.51814015462399 134
5553.990466385404 116.29174187721617 136
5548.819513237927 111.59494213148007 138
5543.812753017908 106.4544168473117 140
5540.414798876158 102.73882915923828 142
5535.046064388266 97.38225595605553 144
5530.296524491652 91.66357093077632 146
5527.2820923182335 87.98034692299899 148
5522.833833772389 82.34076481435363 150
5520.099056752974 78.39709979231466 152
5516.280336671773 72.43997901037777 154
5512.7273883788 66.35706350375271 156
5510.4599888400935 62.25458925194905 158
5507.4477208041735 56.08647160296995 160
5504.753617692644 49.893987578951304 162
5503.0615998071535 45.74897998987657 164
5500.864256547594 39.48407565105619 166
5499.126050760699 33.31951331818644 168
5498.2030126603595 29.27702453403863 170
5496.902552989057 23.261795648874173 172
5495.962984767986 17.31611041933281 174
5495.4759522159775 13.405749702322284 176
5494.818814295488 7.646178302131983 178
5494.501644361175 2.0501454572183473 180
