2120.4508993622117  -6.037479056812422 -180
2120.434756509236  -7.201555454961888 -178
2120.4360681151843  -8.000547145040503 -176
2120.5345857887855  -9.223603717724947 -174
2120.643422298314  -10.48409077391144 -172
2120.7568801346347  -11.323358153567257 -170
2120.909358267193  -12.558225492397444 -168
2121.167538145244  -13.785740282860365 -166
2121.4074699012895  -14.578866866807477 -164
2121.7761377993234  -15.739939549996173 -162
2122.150620976918  -16.85432725756388 -160
2122.505197342507  -17.5827988015161 -158
2123.01504964019  -18.640390045741434 -156
2123.6555395064424  -19.617820798547488 -154
2123.916407097152  -20.258537874038275 -152
2124.332209370304  -21.20066741660802 -150
2124.9974152531854  -22.130918822713152 -148
2125.2741438414146  -22.70153702302713 -146
2125.9207628795725  -23.578474299945803 -144
2126.6099399809455  -24.398653823192014 -142
2127.038063618479  -24.938644532593738 -140
2127.7137801724784  -25.747044537201198 -138
2128.1348641709515  -26.19410713206435 -136
2129.04927705194  -26.91213345362818 -134
2129.8608328477826  -27.642340143492767 -132
2130.407021964884  -28.12040143863268 -130
2131.245963840264  -28.80919747210842 -128
2132.194819150983  -29.47657807708859 -126
2132.723555526495  -29.87233435930148 -124
2133.691369616526  -30.502876575014614 -122
2134.703564898286  -31.142046629053862 -120
2135.1858145123038  -31.418550504592137 -118
2136.0893955728156  -31.855585361685833 -116
2137.0604147451836  -32.3263090996641 -114
2137.7526694950916  -32.625744508391236 -112
2138.94730627659  -33.0523997155836 -110
2140.061492341324  -33.42695615775636 -108
2140.875209898901  -33.65220464383614 -106
2142.105924428188  -33.944083464319505 -104
2143.3480678517053  -34.178073674546255 -102
2144.1822632210415  -34.30011905684319 -100
2145.442171251244  -34.43030659672378 -98
2146.7119518118307  -34.49737439111925 -96
2147.6598249872877  -34.51437081078116 -94
2148.9460906878253  -34.480825982438375 -92
2150.3384996187137  -34.397126575262675 -90
2151.3043284943765  -34.31347440773966 -88
2152.616020470279  -34.13560649504484 -86
2154.1279573492966  -33.924516854800835 -84
2155.0105482259823  -33.755988823506 -82
2156.5360392274774  -33.48660023084607 -80
2158.086601563879  -33.19814194088432 -78
2159.0883039694904  -33.00262307693427 -76
2160.6291520685995  -32.718189790909115 -74
2162.227237988313  -32.47293569368021 -72
2163.0378613691614  -32.274159647453835 -70
2164.495495523509  -31.980730503942226 -68
2165.859485833583  -31.728059173410042 -66
2166.7687672425195  -31.46521696928382 -64
2168.032306899358  -31.11079690525141 -62
2169.27187210134  -30.740052227320334 -60
2170.205197876128  -30.484350225509367 -58
2171.3242807780707  -30.068967505370235 -56
2172.540229690706  -29.527729533847214 -54
2173.4577040428144  -29.222503946649304 -52
2174.65406170328  -28.71383991886786 -50
2175.6050217106863  -28.082134166206835 -48
2176.38888695395  -27.718043540285034 -46
2177.369668664352  -27.12087372958173 -44
2178.3783693218174  -26.585484067037434 -42
2179.187017718675  -25.82245553714115 -40
2179.557194683295  -25.560308471703753 -38
2180.25571648721  -24.665001229047267 -36
2180.649026193012  -24.081803672085254 -34
2181.336203975379  -23.06253735978198 -32
2182.131048542918  -22.34194045675267 -30
2182.770443273837  -21.87487051856468 -28
2183.5144447761327  -20.8125122872855 -26
2184.204352487219  -19.98810664026148 -24
2184.5217704653273  -19.116759040035152 -22
2184.926567151788  -17.833671631879536 -20
2185.305626865541  -16.561684149882502 -18
2185.44580099637  -15.712165254660531 -16
2185.68187111477  -14.440717776576538 -14
2185.787791605638  -13.192991482136451 -12
2185.8777565287896  -12.376293998560385 -10
2185.9658204193393  -11.155187615680097 -8
2185.971541809528  -10.342519442051728 -6
2186.103372211598  -9.130039957214146 -4
2186.2681106685613  -7.920618510230613 -2
2186.4540722427732  -7.1088003331281255 0
2186.2252577809204  -5.875125079739269 2
2186.065648458945  -4.696087415308362 4
2185.9178502500235  -3.930021174713591 6
2185.6503807830873  -2.8241510022964436 8
2185.529238091805  -1.7178112867984356 10
2185.3806813692477  -0.993407836202937 12
2185.08331768689  0.07651945594179564 14
2184.677222003872  1.1259016345394606 16
2184.4034753696355  1.8150478434650381 18
2184.098908127688  2.8343111671769283 20
2183.7017032690273  3.856806348779539 22
2183.4490858664394  4.578579682928512 24
2182.84662179194  5.505949938678185 26
2182.3935355139865  6.45694706855839 28
2181.8155686162386  7.067818061676485 30
2181.0373496820985  7.93288536186684 32
2180.1483247162  8.759244362525097 34
2179.72844455425  9.440835340860923 36
2179.354341825511  10.397150022084615 38
2178.5088682012656  11.240409870003553 40
2177.9356137392147  11.77571060689074 42
2177.2028248891984  12.653780142579777 44
2176.4484349622207  13.524743733263639 46
2175.972493031042  14.09005305597192 48
2175.1041469021593  14.91111645584017 50
2174.2197954355997  15.706943400687761 52
2173.6214882162817  16.211503102740725 54
2172.6139880416126  16.921369846963483 56
2171.5893592659972  17.585856495989656 58
2170.862970804776  17.99696401404749 60
2169.6126915821637  18.547536454690505 62
2168.343345951766  19.02169736952834 64
2167.4863997487155  19.288323998387757 66
2166.0897383726615  19.59970243880843 68
2164.6825583832074  19.83483914301352 70
2163.714149060992  19.968654312399746 72
2162.212811091658  20.11087481172087 74
2160.703441575183  20.14301147664081 76
2159.7285424343977  20.17301077882136 78
2158.221607230198  20.035000953575096 80
2156.7368386613207  19.946862491593123 82
2155.7859923785572  19.835603209778196 84
2154.313287099002  19.613569101899994 86
2152.95161516329  19.38512649712682 88
2152.021966399126  19.21668455713075 90
2150.786822864663  18.960383128072674 92
2149.463422357691  18.6664386099623 94
2148.6534371697853  18.446876728294125 96
2147.4545972235514  18.146162699716808 98
2146.379563231329  17.865012305832312 100
2145.6925082554744  17.699825833954694 102
2144.612918863849  17.45081522477719 104
2143.6352013150918  17.22027870406578 106
2142.9667641077417  17.04116064281009 108
2141.990697436138  16.869031343571763 110
2141.2031593758174  16.304566496526288 112
2140.7505484420494  15.94508890618671 114
2139.408971060777  16.16745393107062 116
2138.4250698882806  15.888885866490323 118
2137.826344219022  15.691963205466415 120
2136.8631220608036  15.36458915708034 122
2135.8946613035005  15.030386667352785 124
2135.3125197424306  14.791753143145208 126
2134.3766884411352  14.363676380697994 128
2133.845582839526  14.025331751218319 130
2133.0121670487088  13.50395775861232 132
2132.3579792584032  12.79695425081977 134
2131.6527346955213  12.528509262955971 136
2130.6900434180307  11.967674917973104 138
2129.7124843739603  11.317606916472103 140
2129.046625138881  10.850540066294016 142
2128.212819738087  10.11482664056723 144
2127.403549020001  9.318302667153295 146
2126.8691527943915  8.76280170980186 148
2126.161387368813  7.9206596084664405 150
2125.3628840468045  7.031298754926106 152
2124.9346172803507  6.426829787646974 154
2124.354148483485  5.484342995263842 156
2123.6975011192712  4.538209265891804 158
2123.39690723263  3.9166862102884656 160
2122.8694445002857  2.992687517808029 162
2122.4528243829945  2.0855560010365335 164
2122.182896155357  1.4892383767486377 166
2121.884306927539  0.6156393052805029 168
2121.6010429885355  -0.22883972302531608 170
2121.357480516609  -0.7733341973798599 172
2121.188040129749  -1.555873732526643 174
2120.93342417137  -2.2961869908572283 176
2120.8001256750595  -2.763824955948154 178
2120.6548941023416  -3.4225834261239676 180
