6021.611967804777  4.680356900706144 -180
6022.12045502945  -3.605465166730638 -178
6022.518645991931  -9.14187447181615 -176
6023.441893715274  -17.43934686538111 -174
6024.646349843238  -25.6928876606048 -172
6025.575020521211  -31.152777785564812 -170
6027.278952136927  -39.25933904952248 -168
6029.357776142546  -47.244471358613346 -166
6030.877571014215  -52.488081368273704 -164
6033.480298128866  -60.22952020252038 -162
6036.441349988075  -67.80432953311296 -160
6038.514664439149  -72.73845883350845 -158
6041.835175340143  -79.9505697589194 -156
6045.586363701645  -86.9570188928035 -154
6048.298648380724  -91.50655330105656 -152
6052.598405010798  -98.0733342254872 -150
6057.162846755345  -104.31129870921824 -148
6060.202702417997  -108.43190279978174 -146
6064.910956296274  -114.65524302815187 -144
6069.813592606782  -120.81460590003867 -142
6073.398194810602  -124.93939951737224 -140
6079.176750561469  -131.13872892157048 -138
6084.790062466998  -136.98833639398177 -136
6088.786526396496  -140.65995688751383 -134
6095.127790852476  -145.7526259694645 -132
6099.102217589011  -149.3512026943784 -130
6105.899414845058  -154.83756353902677 -128
6113.219469855206  -160.7907048869939 -126
6117.519777916632  -164.2391590026725 -124
6124.859884843723  -169.41210967543444 -122
6132.002204308231  -174.68096672053852 -120
6136.978436180514  -178.23322286702708 -118
6144.742833816246  -183.21090304855045 -116
6152.63534422171  -188.017450728611 -114
6157.620492698981  -191.14770686636982 -112
6165.656254866459  -195.67134364047823 -110
6174.058484716784  -199.8771383270713 -108
6179.676512851605  -202.4639049975164 -106
6188.247743886496  -205.98866961627027 -104
6197.172466919998  -209.1123462502114 -102
6203.12515844281  -210.9154557504107 -100
6212.3163869706905  -213.24627613079898 -98
6221.884629930312  -215.14016912194887 -96
6228.301373525899  -216.12750246440257 -94
6238.1022438202945  -217.23106109882198 -92
6248.019823925031  -217.8801929976835 -90
6254.633155267676  -218.0380208673909 -88
6264.707817995296  -217.93943865957823 -86
6274.979349570038  -217.47037854002386 -84
6281.8629634338395  -216.93585344207526 -82
6292.229545457252  -215.83900238754933 -80
6302.268769378482  -214.40372530127144 -78
6308.808581705249  -213.31576300554045 -76
6318.765572647686  -211.47065749000578 -74
6328.947877432125  -209.34576331644928 -72
6335.480109671537  -207.83323732001585 -70
6345.122101808595  -205.4134235471275 -68
6354.692010730905  -202.7518837437261 -66
6360.752865695675  -200.83952172252853 -64
6370.9592909691855  -197.81077349769853 -62
6380.396817375367  -194.57749064383327 -60
6385.723783376262  -192.24285083802133 -58
6395.662212322669  -188.67387367106872 -56
6405.537728131074  -184.8073582000003 -54
6411.336594760929  -182.00899456889493 -52
6422.113242533334  -177.60040323138765 -50
6428.716291837668  -172.39691844278676 -48
6433.346800254453  -168.93720445728513 -46
6440.523734095205  -163.54879888987278 -44
6447.878160819639  -157.8492050248798 -42
6452.7784561121525  -153.8482842448233 -40
6459.937231298571  -147.52203652048487 -38
6467.099661401927  -140.84884461284545 -36
6471.5212083153765  -136.1688648338813 -34
6478.047938965791  -128.83904994073924 -32
6484.134395177679  -121.11364349562025 -30
6488.0218669258475  -115.75923114556869 -28
6493.757742178261  -107.44711009667853 -26
6499.062863107119  -98.79380736032454 -24
6502.4314860680915  -92.85457491649636 -22
6507.235201457482  -83.70815472324651 -20
6511.6054157288645  -74.29136831829314 -18
6514.285626096614  -67.87932868746039 -16
6518.095842517804  -58.09081310122973 -14
6521.2622449687715  -48.10720828294997 -12
6523.171612882173  -41.36782683102316 -10
6525.72950912198  -31.160001240885 -8
6527.47028670191  -20.859046018732656 -6
6528.425551710633  -13.965081017586721 -4
6529.553721401831  -3.6132622991004966 -2
6529.872826121471  6.713399517328986 0
6529.882710047257  13.562007669422798 2
6529.431295272909  23.74985956088271 4
6528.764394880139  30.466277662626116 6
6527.213426482737  40.39844469981711 8
6525.16751818393  50.134933508342556 10
6523.5648059272935  56.503937645477286 12
6520.680207375373  65.84952953516853 14
6517.3490374568555  74.94261124335317 16
6514.874921532007  80.87110318291018 18
6510.828752092353  89.56028256836558 20
6506.4553223441035  98.03901235027814 22
6503.254990238743  103.5433687962646 24
6498.357750866345  111.72140288029549 26
6493.032056028422  119.6702529077688 28
6489.251573108245  124.7428245675004 30
6482.753103375799  132.51551091689947 32
6477.868795674854  140.06914996678677 34
6473.995936636136  144.89195262167527 36
6467.601607627392  152.00305922997373 38
6461.476288699549  158.92584177154387 40
6456.626685132537  163.5464810250076 42
6449.951321580721  170.471189387232 44
6442.233641018062  176.78112564584382 46
6438.3782389815215  180.96560757652233 48
6430.1010522293  187.14931494197413 50
6420.5180254837305  193.3286823594055 52
6412.7152972599915  196.1968800719604 54
6405.072676551921  201.5696354907578 56
6397.738776288315  206.31440932471264 58
6391.794260158575  209.20801752761975 60
6382.157587611021  212.86456040328295 62
6373.617910857163  216.29551938383247 64
6366.177904861774  217.9539590870861 66
6355.9200011258445  220.27552301199054 68
6345.12652662115  221.94420961952937 70
6337.745424003206  222.71402237318298 72
6326.955791796155  223.4006036364184 74
6319.63381911444  223.59910781545025 76
6312.294128325218  223.64023623265797 78
6301.297219909508  223.32154078982504 80
6290.376901187568  222.60104527849316 82
6283.170177459648  221.93486233386187 84
6272.702774290552  220.6697528678821 86
6262.475552544728  219.10697537860312 88
6255.920895403053  217.93177841683203 90
6246.20647396593  215.9178322085644 92
6236.7634263581185  213.64911757046184 94
6230.582235412737  212.0162532967408 96
6221.781179262175  209.48248058077206 98
6213.303583139926  206.80320939046618 100
6207.642092054313  204.89096618684275 102
6199.615957189115  202.07052249800077 104
6191.736987852347  199.33351545976146 106
6186.704916572436  197.47846553164035 108
6179.347199020793  194.52052607877786 110
6171.927541856573  191.37406994271456 112
6167.4676232086795  188.94998626427727 114
6160.5079555195725  185.13798077515753 116
6152.840198495274  183.09679909925475 118
6148.503634944469  180.32212641401765 120
6141.52817082866  176.8967654695969 122
6135.263622894591  172.68340846841411 124
6130.816895679491  169.49010402676413 126
6123.828531633389  165.2659650752108 128
6117.195817922997  160.788389727107 130
6112.652480480534  157.56757018843268 132
6105.744782417286  152.41977842125632 134
6101.203237776396  148.8033326489327 136
6094.463652213083  143.2306972073876 138
6088.060942236489  137.59262806615718 140
6083.946387976611  133.6255559040341 142
6077.970663890201  127.36809710358601 144
6072.076883187819  120.78125472432046 146
6068.238228055826  116.23809171531006 148
6062.897508421662  109.25972927008804 150
6057.678336690469  102.07334815893817 152
6054.457276349349  97.1967981164171 154
6050.015833844323  89.78060938087361 156
6045.858899776749  82.25466200420749 158
6043.311670860186  77.19349080931825 160
6039.842485213199  69.55500085299511 162
6036.841471460743  61.88806737246766 164
6035.180831624364  56.78136811386641 166
6033.06657120939  49.14733913916535 168
6031.421813594149  41.582173944323486 170
6030.6518808041155  36.601502067197266 172
6029.706754006443  29.251203758850476 174
6029.042249149606  22.097021602810063 176
6028.799555304483  17.464249387677913 178
6028.714619400698  10.757509636334238 180
