4200.650672131021  -2.318202773051937 -180
4201.040548116805  -6.3638847568175825 -178
4201.599854692771  -10.489582618110008 -176
4201.995931048203  -13.270917314089917 -174
4202.739806317728  -17.468114823683013 -172
4203.634281517971  -21.66735539100691 -170
4204.205595796003  -24.44931096352361 -168
4205.266015120983  -28.579258349028876 -166
4206.47522112445  -32.6311805224062 -164
4207.338209049597  -35.27608613348294 -162
4208.599874126623  -39.13758995816507 -160
4210.022612588315  -42.8665335508172 -158
4211.080889539079  -45.275556484790016 -156
4212.723482993259  -48.76387326621497 -154
4213.979493798039  -51.01033781580971 -152
4215.859773928893  -54.24296125736396 -150
4218.049808788195  -57.34190189466334 -148
4219.422077125693  -59.32100470014045 -146
4221.819664998128  -62.194597269255404 -144
4224.24694807134  -64.94703857094511 -142
4225.925853386906  -66.73639405031889 -140
4228.415947243494  -69.36927496058013 -138
4231.0654678011115  -71.97996903295044 -136
4232.81044228466  -73.70721066456656 -134
4235.639079016159  -76.30700976882294 -132
4238.510781641758  -78.90031545191407 -130
4240.579269251035  -80.63750179620136 -128
4243.672199269865  -83.23338190702668 -126
4247.080716387358  -85.85555732935092 -124
4249.398471296654  -87.61126020272077 -122
4253.16320115051  -90.278491398101 -120
4256.998232315689  -92.9550522685887 -118
4259.783649637341  -94.7610443552448 -116
4264.189198743671  -97.48052599305977 -114
4268.592467555312  -100.12782997494529 -112
4271.425490626328  -101.79072039781742 -110
4275.556831361158  -103.8492187744434 -108
4280.313144942199  -105.18117768851222 -106
4283.616314893278  -106.1379913904123 -104
4288.515495673392  -107.1559648114569 -102
4293.212236215967  -108.00411622055137 -100
4296.5036696946745  -108.34117118939562 -98
4301.037474902841  -108.93810666108925 -96
4305.747331912141  -109.48974081004066 -94
4308.762036164549  -109.59544403498295 -92
4313.290252700542  -109.65682773360201 -90
4318.019370469969  -109.51684348643408 -88
4321.183695703708  -109.34618990506205 -86
4325.921883115285  -108.97138651170198 -84
4330.58808922455  -108.37670633504293 -82
4333.798142471762  -108.0502643100751 -80
4338.358692559237  -107.3109180839192 -78
4343.139438224885  -106.42353215515861 -76
4346.314665789248  -105.86542082724225 -74
4351.014881369187  -104.8914025933606 -72
4355.7750919403115  -103.80013489826533 -70
4358.953795839993  -103.04897737039134 -68
4363.694871819368  -101.85841819484605 -66
4368.69062702091  -100.61853499007458 -64
4371.8817279911445  -99.67063178575475 -62
4376.5680840141395  -98.25017035659906 -60
4381.1778794188085  -96.64421332554359 -58
4384.160091328644  -95.52066136234608 -56
4388.6247521779405  -93.73776647534129 -54
4392.9880366754605  -91.78218518646767 -52
4395.870145529231  -90.3721415830339 -50
4400.089604302716  -88.08942225366258 -48
4404.221438493697  -85.62828547774201 -46
4406.801462689214  -83.86379116659569 -44
4410.44721950854  -81.00962862807648 -42
4413.899904950743  -77.88512936992561 -40
4416.156521368789  -75.69889915176468 -38
4420.322727119714  -72.38970423471977 -36
4424.095675827826  -68.93410019275919 -34
4426.255537972023  -66.37215914455392 -32
4428.847264024899  -62.166692156931404 -30
4431.559871030376  -58.215284872278346 -28
4432.716782814256  -55.290195923713156 -26
4435.275480769014  -50.99929587995911 -24
4436.787537058207  -48.145728035615925 -22
4438.344490325679  -43.337545110869925 -20
4440.619474789887  -39.33194622860701 -18
4441.588268902247  -36.11921732840357 -16
4442.20578031016  -30.96787492814898 -14
4442.909844107871  -26.092769682372854 -12
4443.564356890944  -22.899163961871583 -10
4444.34063478632  -17.971458332758743 -8
4445.126640624606  -13.286566191964976 -6
4445.412925663916  -10.13650790947349 -4
4445.705927183516  -5.454226772229039 -2
4445.775238291  -0.8277844600502001 0
4445.582526028421  2.3209143402835037 2
4445.0287053351085  6.826444897322566 4
4444.591934847952  11.26182934172115 6
4444.089768946172  14.20715487897831 8
4443.462124496933  17.1451034763921 10
4442.438234245399  21.527155111660598 12
4441.627268707283  24.411640757225538 14
4440.052184801099  28.679973310286243 16
4438.427132550853  32.88358843222247 18
4437.0903673026  35.64360972694791 20
4435.112668507406  39.72903646283466 22
4432.942556490168  43.73015812675709 24
4431.2330663880875  46.33876819872955 26
4428.704825525507  50.17704841858991 28
4426.147566247925  53.90784715913608 30
4424.264008186773  56.31793946288242 32
4421.5826827215105  59.86027712515435 34
4418.766442515755  63.260543965652566 36
4416.710904165167  65.47678155117315 38
4413.533993388741  68.73729192512772 40
4410.310785183306  71.9681601942723 42
4408.085263704803  74.08030720625315 44
4404.669883572232  77.1722316240937 46
4400.871447850398  80.27147250629267 48
4398.321708019217  82.06915434413196 50
4394.392300601765  84.50091851113466 52
4390.86429424584  86.93100773453003 54
4388.44482239618  88.51099089176367 56
4384.696010742181  90.90821000014748 58
4380.462620545878  93.17105701069103 60
4377.700663254191  94.5388422986744 62
4373.2275587764525  96.39557013386016 64
4368.390140932442  98.06080294944469 66
4365.226961246038  98.88132154369299 68
4360.348707846233  99.8696583972564 70
4355.275027935338  100.9868064107225 72
4351.7108417917925  101.24225668610703 74
4346.546143546934  101.71679709191982 76
4341.2961684239635  102.16503101099546 78
4337.834945431251  102.46592107940339 80
4332.879230819003  102.28207253853964 82
4327.918142488575  101.42853309478483 84
4324.463272588728  100.74292603232263 86
4319.919833521187  99.82991926594927 88
4315.019465414671  99.17710681752554 90
4312.111429034928  98.7294394534667 92
4307.652492476813  97.49447323292706 94
4303.169557636503  96.46108296887589 96
4300.21355015243  95.21796064414609 98
4296.498427752109  94.18448349125809 100
4292.00684349149  92.57310164891975 102
4289.612644950916  91.81265306734052 104
4285.673910003852  90.65889605919476 106
4281.647183509254  90.01695445673235 108
4279.061539282758  89.38343427027857 110
4275.15616538376  88.17145078387135 112
4272.926469338318  86.91754770473038 114
4269.293543426616  85.63455776399843 116
4265.9311297284585  83.81730286344776 118
4263.2209370184955  83.21143953701568 120
4259.715371964112  81.63884838085761 122
4256.212260683746  79.95420934125104 124
4253.978662449992  78.75595464198312 126
4250.66694256956  76.8610330278883 128
4247.3207172140155  74.86536462416039 130
4245.101699146237  73.4470808518131 132
4242.018023807154  71.1293881439438 134
4238.973790955471  68.63737942262802 136
4236.943766198781  66.88221604032903 138
4234.285324329593  64.11819650545857 140
4230.855077257388  61.2407365698114 142
4229.015314629633  59.28121430930153 144
4226.3821464398525  56.15766473673467 146
4223.776169311553  52.88845429379428 148
4222.479493068919  50.655942502470836 150
4220.045663162603  47.280224875845896 152
4218.703114119921  44.02605765331207 154
4216.515415255161  41.46627282605606 156
4215.56266109559  38.41704230922166 158
4214.420631118266  35.19288531742626 160
4212.62500334586  32.74891993530897 162
4210.686801209944  29.611826409741376 164
4208.6718338916335  26.151601080773826 166
4208.178088416008  23.83052486410433 168
4206.087802793791  20.573246114556415 170
4204.690805182893  17.082733691487608 172
4203.889196574952  14.977003286085061 174
4202.866209637366  11.958285929818764 176
4202.097339354189  9.292180654241763 178
4201.739677954141  7.412203640589231 180
