4319.881041686439 0.9098200649311176 -157.54483462829904
4319.1701245364775 0.05300226783469646 -39.13253503400546
4319.214875626269 0.7196193092044022 -155.63028049349785
4323.942216849267 1.1809773029790327 73.22875081904297
4323.094399077238 -0.2739559803904156 -102.34409013671794
4320.016220855051 1.149691716961058 -158.24091277289253
4317.525702010947 1.5504957012884621 -44.11334220421779
4316.56588194184 0.5813601280201726 16.439138003477353
4319.803119404503 0.26638936818468856 -29.238913457225834
4321.7921176527225 0.7089780309403632 128.75554425233753
4323.6842071283845 -0.9142186633414615 89.80693128737062
4320.284775217281 0.5584295225521477 -82.55637788523985
4317.8932016455865 0.9158544708341095 -27.62471048631167
4329.243992589647 -0.6968964308174276 -72.44095510750951
4321.186499684593 1.8275760652896704 0.262892703990417
4319.301783707288 0.33410818485958255 -21.235065204753596
4324.905965632901 0.2326699865141345 84.45446194215538
4324.298771872186 -0.07901922058408674 53.236836595971056
4319.800074360643 0.44772410720218514 -89.36830083165428
4319.229294922295 -0.4165724334902361 -33.00758918221683
4321.429770811155 -0.902372731652987 -123.33995434038994
4319.950051400466 2.0281826090671844 40.773028147333434
4320.1779490015515 0.11908869680494152 -94.05934405400505
4320.305314711523 1.263428127745594 -68.24248249622711
4321.46468849804 0.9181061332046494 125.97122432461885
4318.976346090893 -1.2540583738295246 -158.750594110907
4324.248674605065 1.8694210254691666 -57.707309622638206
4325.545629733175 0.6832699244857392 57.8180137281758
4321.174692133925 1.3282001958330996 -14.347972785030237
4321.602949127895 -1.121616892595143 -122.86871861400984
4323.069330027627 0.6372329347666186 -112.94154287817139
4320.284000532014 0.6201131417365152 91.30965340007924
4321.027244003485 -0.9146636569056272 -98.53737137708566
4322.654834418194 0.24141926443821085 -138.27726529261471
4326.305719401645 0.6435678127371496 -70.65557845275946
4319.314025919959 -0.5501643003371153 -9.17139382127101
