4348.641546035205 0.106793620579046 -0.2383999396508245
4328.198345349564 0.05411127350089896 -0.11928692354144377
4338.270253070088 0.004046382550564049 -0.13160491040905475
4323.916847135961 0.03168135851451544 -0.3724057563625096
4326.584935606906 -0.038466935970894955 0.4873552339780446
4334.277745237237 0.07122924562619437 -0.47878163431837484
4325.469641151508 0.0018618602342276211 0.01350865820834457
4328.6159433216635 -0.03905201631226633 0.12895940879015633
4284.464293089746 -37.24223050767233 0.12789194888206723
4336.392649818128 0.2056832917589191 -0.2575143326489012

