6308.364475308226 -0.30634192879451094 -0.257742241811053	10.772713076157856
6301.439988821535 -0.34637937984501077 0.12428042244606019	32.99864412389368
6291.814276410422 -0.10378004493182355 -0.05539683750596458	10.56147684291281
6021.370984128818 -43.773244415889025 0.14291576266122918	31.70343893127702
6310.528282681447 -0.11002975359186971 0.4352683800787637	-147.31334696173812
6323.0282119844915 -0.9540535502736326 0.4462034244458932	-87.30129304775848
6301.054806708593 -0.5580066178165759 0.2912316296321633	171.31338210454823
6330.285874341641 -0.5087209891019688 0.22692349263800615	110.53073301743245
6332.9573939517595 -0.052563129827049276 0.09364187942668956	123.82923131492504
6348.525211784987 -0.41780028689024284 -0.07527101151175453	54.65442098769461
6301.081391552265 0.2625526754675338 0.17492882755150607	-86.7726731273925
6303.978883507218 0.5193074461937915 -0.34342452248540956	119.08772355367398
6312.2478052729575 0.2682801598272435 -0.04042586841192153	29.30126558413872
6169.259470193503 4.8840018130173615 0.048764674406942765	-45.797879817090774
6311.311775556478 -0.14719253070338803 0.21277430254201757	128.94280814296047
6344.05013967904 -1.2381744487817645 0.35203750092548736	134.03841895073566
6307.483295369709 -0.6706980806450391 0.22662992145110228	27.073234472752432
6289.529927181171 0.8074382787289004 -0.4756750625409951	23.363870142013297
6316.525122828587 0.8534374007304373 -0.47294472749094896	-124.16747818746587
6287.978549871292 -0.40955227352167367 0.4339747658326847	-171.2865201427163
6339.243073174734 0.06469497250563079 -0.006104627552519504	-128.6635588022397
6298.137790025806 0.6743417079589104 -0.21158544815951597	177.05237483856956
6219.597888785274 1.1698198997490123 0.30048671732116594	-55.90506753670469
6315.592469198436 0.6239831485970435 -0.3852683424311406	-2.3451765823154744
6309.537987276507 -0.3935928613977654 0.31294396687592374	55.49902677523659
6303.419537540758 1.047446615175924 -0.32511189114278527	120.11706263213091
6293.792226589066 0.3981320394843683 -0.10685635544808636	-137.7880694255502
6320.4136832799195 -0.08165337603087185 0.33205374513235	67.84234487856162
6302.185197884058 1.0049258788560047 -0.47342584927203313	-178.19571683089202
6293.710301491294 -0.8022527435267311 0.4853616646416751	104.72945770846377
