4328.029122300553 -0.078928036818471 167.61407246663885
4241.624894893387 -0.20080870316665242 93.6035886618937
4339.707461735856 -0.06022104363941044 36.71754850694333
4332.8434580419735 0.02549229371503185 -131.50022948146605
4316.599333212336 -0.01252525685827105 -145.89727625977542
4348.0518846314 0.02870733588149437 132.35236639245755
4329.453423167752 -0.07959811377270523 -38.794590233247305
4330.759534917319 0.06975799072149112 -155.90365671279773
4326.897822114813 0.01762253750690097 -6.609574575638391
4245.080041465422 -18.11558097125727 135.45138960578709
4335.976100633083 -0.06567418198123394 16.189150710279677
4328.013586574215 -0.0340150588059881 73.00948105990096
4331.533902736257 0.05186943188522226 -138.16300777178628
4327.696269065884 -0.048084598503492795 77.22443403236042
4332.855742845257 0.04690945969049869 -113.1331751942953
4325.933790012582 -0.07828221263470782 -102.50914695271737
4318.607592511476 0.0260631526921046 47.972994092150685
4219.059977170449 -26.09991856119647 6.295932095308132
4324.523617665395 -0.04602076111472312 -12.211158180580185
4320.832239991586 0.02996048595474955 29.56259375699767
4321.763688830041 -0.03946048730280038 72.21025263754629
4338.17269084891 0.004881489705577845 -100.40408658612269
4328.600048546614 0.11726735457508812 27.951742574009472
4337.6451797188165 0.03923205518593379 61.32072965378583
4349.19811120075 0.09108400779286913 0.4632706587869393
4339.619881078129 -0.16176129222649244 50.180117814958834
4336.8701968158875 0.02422723003247684 -75.06903110867678
4331.503036508593 -0.05504709664234967 -13.737622320154912
4329.05510605911 -0.029191478301458174 -142.99985895330852
4331.531452316716 0.052474622287522636 -40.79958438541183
4368.108810663482 0.4793026616707487 -173.8482576953944
4361.941835535695 -0.08478315451292358 122.93480922116908
4320.321235236736 -0.030264698244857915 -146.73962321279694
4326.838676890369 0.05712545584597937 -43.92186442038792
4333.384100571298 -0.012264883081430348 -7.149455420873323
4328.737571438244 0.06007061235315318 -78.83526021294907
