4319.700329949727 1.4491008237960437 0.16742270823943872
4319.4394009127245 -0.595109147225692 0.030454257314208144
4317.597970826944 -1.195445959784078 -0.35795835711367163
4320.758570327328 -1.1132487580708805 -0.04945325441867199
4319.721277396186 0.36276020826577265 -0.021371070797391645
4315.914219088956 1.8050507758870558 0.058223966114383296
4321.136242964899 -5.754881782058106 -0.4690488979435673
4321.575024742345 0.31237829458581445 0.34931098763463875
4318.185111489529 -1.2660398134372342 0.0590994223567598
4322.50082220729 -4.090107819343548 -0.4839472010203688
