2156.381692725276 -7.454553798531686 0.22411959058992725	-137.56792456258722
2155.692175581253 -9.580747064933599 -0.30451144673343566	-51.69109311585669
2154.4151493529657 -10.081399653499545 0.1512096448484166	-25.827541179500372
2156.152519455493 -8.128199595531298 0.1306930619916612	93.29234318251525
2156.4040026661746 -5.290090013948227 0.45466063117433553	-173.6408808950259
2153.1913655524527 -8.193630174959587 -0.20878289749913292	53.241549397737884
2156.089505714829 -8.024154107275333 0.3374008792975469	-173.18903034450253
2156.5377200396465 -5.6965167022597205 0.49784521680565463	86.58003341480031
2155.2579602991623 -6.71691320817198 0.34095156704480734	-135.62284807570325
2155.9804869842633 -6.9314974895831805 0.4371249886649482	10.542357889940888
2154.524329361377 -10.364591683633282 0.13367483355034182	-27.271423450732527
2156.421019326382 -7.801058741359113 0.08918176332319216	-79.3294590793008
2152.7330944980313 -9.635097430350553 -0.08080261143016276	28.273615765528177
2154.823856696407 -8.596902881383498 0.06052697750307501	-69.64818145150095
2156.8776401963505 -13.572201723352471 -0.496003056706502	-171.49190533370992
2154.202446619239 -6.900807027274618 0.3083535380610969	17.357737482008815
2155.0105263222813 -7.377344544414095 0.3064382533544058	70.03430111380919
2155.044218008915 -9.462158361380805 -0.3205884849987847	21.846331104332393
2155.4697191848613 -10.312464399080365 -0.27772189539304215	-128.6750615528594
2155.6532285474427 -7.233703093498921 0.31093193919411244	-64.53994492963253
2155.9370782310107 -7.232581299569561 0.2997860834937486	98.98803836098546
2153.791758689952 -11.065747068485884 -0.10163454170629393	28.784661098151616
2155.15729317308 -10.562170852454193 0.07786697818998267	-123.0313905146314
2156.7716201579924 -10.095086268374134 -0.2518397100497788	-85.09250642519012
2152.489724178529 -7.86139806426786 -0.10295129044534501	42.46332355143798
2154.639700229227 -9.23522315901017 0.2078196313673114	146.65744117638258
2155.753178246093 -8.777217939323666 0.27729876413957555	-178.37180869923333
2155.0769825237016 -7.697273186763661 0.3955901067796965	-155.42388034542614
2155.403132447108 -6.7579110880561215 0.2253999161836827	-37.64439405787823
2155.3805675784615 -8.33753826276459 -0.19228211354337166	-75.20615132293355
