6255.499243701203 2.1874515405364265 0.11909206570838016	9.306564435946967
6248.746931569458 -1.3466339514900352 -0.3494303075942431	-105.269774570007
6261.032481810115 -0.8429942908034508 -0.2092298542844605	-126.06525937512347
6248.542252806651 -1.6706110073905531 -0.05648913543957412	-27.20772671162885
6252.190651635843 1.575178717215075 -0.288614253157473	-6.600863109291538
6264.556890318489 0.04510673090106934 0.3461162916538245	-137.99923155353704
6253.089723143445 1.8394772154282375 0.3802711772063355	-33.8748849346336
6264.6836577206195 -1.9753862352743392 -0.13042411678179378	179.74197671098977
6268.384634124392 -10.25917265946026 -0.36881085079932163	-146.81222421461436
6262.812838338703 -4.807676007494622 -0.4752620762509374	-126.81055508017369
6254.380432445494 -6.476616576725097 -0.4399576027495078	-102.19047117254347
6270.688276107292 -1.0043441662357178 -0.22442581688463847	108.24577297844706
6256.6375124968745 -1.8841004880838987 -0.11396945593626528	-19.782387020358584
6266.631816849985 -8.384049261726904 -0.37395625721666925	117.33536428715217
6257.3437200130875 2.434766726500093 0.32983530156547636	-15.481736632174716
6254.023953952578 4.773029835429515 0.4987765305341708	-39.59663754135747
6266.404880028858 4.093210709062832 0.22426153761155088	44.88212583188053
6264.542707829841 1.424151661903375 0.41302072570102755	137.89038102635192
6243.010166635767 1.3237457426004378 -0.14501900417718394	-40.51499287510623
6262.83353871931 -2.1984666608639922 -0.3080063516085455	-131.61404457310903
6266.2745078243215 4.948210717621081 0.06549514687504687	127.40036163925942
6252.996499045655 0.48493357781929874 0.33487795304552537	-96.95193400343257
6255.957649666595 0.1357209539594537 0.24663931993331722	5.7554931114097485
6263.343440185961 5.669641965933735 0.4989178720665318	74.60994061263736
6257.8448124357565 1.9768715492498095 -0.03527050190504788	9.464736851224444
6254.149589900015 2.8077703748402305 0.4543090621019116	2.1814672560413157
6249.619328044166 1.4201226474229036 -0.07189629697616573	142.59874335148453
6260.136323250067 -0.3937610887937924 -0.18473801265670287	179.6482427005294
6258.845771229662 2.3484150005397857 0.40801839518687	-98.16696589039401
6265.698673145104 3.182361641047932 0.03365567258536917	-125.10379320816477
