2154.7299813571617 -9.986906098101269 -0.3518744386680771	115.068785766303
2157.0694119704713 -10.012818040268636 -0.08087135522464228	-12.796520306450617
2152.238817126329 -9.994090026002377 -0.1409001409797478	123.95644903809153
2155.777903044475 -10.033330066318674 -0.10208676508103276	-119.36613926590647
2154.3687064485325 -10.015345580220623 -0.12287023387370533	95.00710180222296
2154.954492906116 -10.015137313381514 -0.013546026897248264	-95.32528427001088
2151.552562661846 -10.009165989285034 -0.45425727913139646	144.28385272709374
2153.4245312715307 -10.008975902927151 -0.3843537939665407	135.2872814265687
2154.2226702533076 -9.997028954507595 -0.4078703264276843	120.75433857557812
2152.688910569611 -10.032693716490822 0.30675689368495684	81.07261449095915
2151.406936298991 -9.994363486565655 -0.2655498211263585	-137.07626208625015
2152.7172634307185 -10.019643000501787 0.1269308680670692	-52.70454420851661
2151.7537695752258 -10.049730014329219 0.44666623215830437	111.58633718394344
2153.582034827664 -10.013603022201718 -0.35982674402986325	-50.283364291124826
2152.1559426944546 -10.015755206891304 0.17784087590349607	105.10941636187283
2157.3095439427802 -10.056778685832152 -0.10577966927203042	57.977242033463114
2155.815447228598 -9.985939358358504 -0.2721195403962944	-99.4226742714407
2153.47242616151 -9.981145099070797 -0.4716751873446	-16.17381989393715
2155.2229466465446 -10.071216816859616 0.0278520708075628	-1.287335819558507
2152.465872517911 -9.990643129174929 -0.44695431718748735	-76.8226214157716
2154.257508352852 -10.063003868210522 0.1629535538278578	177.7459744823454
2151.521589087377 -10.009867334267259 0.4082703993028266	-83.8400204648512
2152.6822550814445 -10.061084041033297 0.2619598058418132	12.7044745954544
2152.0078470727753 -10.057125102860986 0.3011965748733769	105.1317192054708
2153.472300821286 -10.053191462790794 0.18729277774061015	-2.3577953485461194
2155.450304875402 -10.055907664876855 0.2119253748249229	-102.95590271311643
2153.7222679855145 -9.952835363958386 -0.4819685995867583	146.34337748780388
2154.9248239431986 -10.060423143293566 0.1397928338754233	92.90923197684072
2155.727509442427 -10.04846945529184 0.18342703980960162	177.17950558767922
2158.1223848636437 -10.032809325337817 -0.08874416155454135	22.05986537821036
