5383.375165289196 0.8326212075816478 
5380.046188350942 0.005400462687985137 
5386.642665694252 0.6756814612911377 
5388.96933837374 -0.5591810617895219 
5383.731678701918 0.5016627327712422 
5377.079669004824 -1.1194035738468868 
5382.8597414020705 -1.050507603658799 
5373.657821321308 1.2731398873791469 
5361.434063362313 0.8586696109794224 
5384.721119379062 1.0330287968043488 
5387.084248789006 -0.05159001017340003 
5373.735210271525 0.1475378610540678 
5377.960756936179 -1.0101222161223622 
5365.304866110895 -1.1653618242917543 
5384.1944313084105 1.7035023193391379 
5377.49863935621 1.0754124006578794 
5389.798960406713 -1.1319614690898947 
5390.858985749221 -1.6826038729299126 
5383.933696689069 1.1536343432667733 
5376.301298315748 -0.7582970116614262 
