6276.9746972108605 -0.22325392684408146 
6276.268291167722 2.274527633968001 
6277.239154661097 1.1438185812018542 
6270.200900934117 -3.885727770376726 
6272.083772581377 1.771911758679952 
6280.502167819668 2.62567914886019 
6276.699605799026 1.8440561557761803 
6269.95455935626 0.8669685115557669 
6273.375277928746 5.555372388695565 
6272.412808295906 -1.2477037037944374 
6276.805846037312 -1.1974545056923585 
6275.786757143687 9.158508320857047 
6272.515211670319 2.467916660373555 
6274.093152953139 -1.1928087700586132 
6272.298437780312 1.919161717867479 
6280.276945346343 -0.10438375912704391 
6277.397127837065 1.166779010617303 
6278.738741968464 -0.1850893146759246 
6281.970919685098 -0.5012893375579538 
6275.813856585456 2.0638390276182044 
