5388.2075473709065 -1.0944088763676654 
5381.212105187483 1.8852785663126725 
5384.02334432742 5.194324092199071 
5384.544860531249 -1.8158673728883432 
5382.919778488723 0.3562135738951294 
5388.544822479343 -0.9590001349164766 
5388.87003526342 -2.7136879062518164 
5386.933530015716 -0.9063722942459279 
5385.811287691045 0.16700439674559334 
5380.82352356467 1.5199513138992857 
5385.22307880025 4.59010957738529 
5384.901447968523 -1.4907850656520796 
5381.550189679836 -1.0250489682571393 
5380.481571373473 -0.07513758086260976 
5382.778283918627 1.500465716637067 
5381.703237476922 0.8452514610565862 
5379.295605140871 1.9891173100206054 
5382.711411450085 -0.09087024157408154 
5385.169079517102 -0.34701917787827063 
5380.59102410732 0.14596879036495575 
