5691.973015762838 -1.0619527578315315 
5684.799443622459 2.214537982105384 
5690.062789975216 -2.4884658872448067 
5714.679057874776 1.7090873265120412 
5700.538574673287 0.7335825938357978 
5702.461919542909 1.1259047334299397 
5699.541402374555 -0.9023843970563147 
5702.752898379891 2.3779491075130914 
5698.285786823448 -0.9746609284893 
5690.304477923139 -0.812874389043435 
5691.144885386413 -0.5943676811310895 
5690.376839090162 0.9138574189822518 
5689.130319764599 1.3043745284564523 
5693.83202356067 0.030573588865584166 
5676.142409133669 -0.6690036886150951 
5697.269172122973 -0.2490665115530478 
5685.065697542814 0.274727095923525 
5703.814371033418 0.6002295956311288 
5693.982862367957 0.8120519293240805 
5709.353825117582 0.6401799421138527 
