2152.8830229933646 -9.832515694638984 
2151.401443492122 -9.694794946729397 
2152.8234623157405 -10.522121267228107 
2153.0446158002865 -10.14024495857389 
2154.392186252676 -9.945795354121412 
2151.8409017430567 -9.878167020728805 
2151.11548302994 -9.720944315244553 
2151.5222959667212 -8.994271453271422 
2154.147910137932 -10.065697128509855 
2154.675071024451 -10.356100725130002 
2152.838703291704 -10.272774652897043 
2153.148382705019 -9.878537023904546 
2153.3647508662066 -10.158429775210587 
2152.46173903213 -9.43593586656066 
2150.783700705171 -10.78022259737482 
2151.722596108491 -9.887756923459753 
2153.6090948485794 -9.102247148891308 
2150.8950440956332 -10.2580329168359 
2153.1054384171043 -10.212275421947732 
2151.3650433274825 -9.933235283292339 
