2155.4609542617336 -8.25085364253641 
2153.0696544600473 -8.082693157434198 
2152.649346855044 -8.584566725644734 
2156.7055727362153 -7.382585679004683 
2155.6451397626265 -7.251142696283258 
2154.951527241687 -11.280454870750352 
2151.9549264023817 -10.31913448103666 
2154.573185591151 -8.071034675693138 
2155.34704527123 -10.041251467852 
2156.4480236293894 -7.654157493487825 
2154.0810436498123 -10.008449328538568 
2153.1829254404997 -8.006207851624831 
2152.5058853120736 -9.744850082637306 
2154.537421253238 -10.530355199543017 
2154.372479743889 -10.347241664654604 
2154.6861373878955 -6.57128468218758 
2156.8350266327852 -8.832339352058154 
2153.969665173722 -8.142359322729176 
2155.1011012014224 -10.027679310030516 
2155.8373409368414 -8.250952756944582 
