4317.832462680973 -0.0855214147028744 
4327.389691530151 0.4997234109300294 
4326.450268780278 0.15766942292784245 
4328.724683068806 -0.0425051069230025 
4328.526771024653 -1.087932003422056 
4324.3512525577835 0.872066974333794 
4325.421572075162 -0.8882215135007714 
4325.345531555803 1.0995470497247004 
4330.887284997673 -0.5823783273562045 
4325.782861845619 0.043066896625067234 
4331.024916245865 -0.1286150036610531 
4322.202958897137 -0.5730569874930066 
4329.6117744727735 -0.13864553876945757 
4329.260484782735 -0.0041874851098907245 
4326.602233827077 0.23551173122791824 
4327.612806026992 -0.6778261289854638 
4330.485942043312 0.08407405987090182 
4329.620415923066 -0.1359023606149056 
4326.663535372989 0.9839276662057083 
4323.401912660404 -0.1937597250589747 
