6279.493213369044 1.554388697580914 
6277.794862105902 -0.42362684273402396 
6292.075450278214 2.569924201564024 
6255.033638834543 0.8421225322027074 
6289.3898027826945 -0.27950641607967597 
6277.586650274594 0.9123059871222411 
6274.68523946969 0.9354350608006102 
6281.630026881537 0.2895841670001332 
6289.25205530089 -0.8547509051545015 
6272.228606182487 -0.3371211915647596 
6276.452645980172 0.07340133656158154 
6279.353399329345 0.7516855946534582 
6268.410533425705 -0.5818631836562125 
6279.324198374597 -1.2343115491247998 
6279.804220780485 -0.16611354325571162 
6273.179082618858 0.6520792600635248 
6254.2155461094235 -0.7182243153006831 
6297.76309041122 1.558765681926192 
6265.552525074506 0.6491917680445488 
6289.146450378139 -1.374766213538242 
