5993.815198495504 0.5408368992241323 
6003.720771388582 -0.24956675336100106 
5993.823165062935 0.04473999132541023 
5999.677821708902 -0.4534033363344751 
6002.301693301864 -0.030058806805546383 
6003.942304756673 0.7510246655265481 
6020.835163295961 -1.8180336392049758 
5998.344734830877 1.0887817027678 
6000.0741470030625 1.453979234705337 
6005.748723144452 -1.9524853925262622 
5999.548129408569 1.8097728693610995 
5992.761496455612 -0.003599528568605477 
6002.219880085888 -0.7331866144698224 
6014.059168917475 -0.4088312252903757 
5999.290691263715 -0.9551035227873406 
5993.614661164121 -2.5710642891258955 
5996.30813688469 2.000612671990729 
6004.3856841326315 -0.9651347142744501 
5991.954605604403 -0.37573813128142164 
5992.497356834273 -1.8612786164635884 
