5698.378462906153 2.831285214070436 
5700.845394589486 -1.3423708991843784 
5701.755227544154 1.5380100618453783 
5700.937367258081 1.712243281235685 
5704.636058546761 -4.509799433093706 
5706.52369706483 1.20906175021069 
5703.184356672427 -0.858320478974637 
5699.517683251656 1.7957234492256269 
5702.638314259459 -1.0176054491166584 
5703.994336228018 2.457952451918393 
5702.476524717598 0.7354349030612558 
5700.056063937307 1.6696605935987896 
5701.758292895089 -1.21926199764155 
5705.324028762991 0.6540849141926963 
5701.209298060127 -0.16389067505482988 
5695.639599240918 1.933961320942822 
5695.850728462983 1.3070709791514188 
5698.8307286463905 3.539074788381201 
5700.283314417769 1.7110481039687173 
5702.766047562771 -0.2764313948794693 
