4318.105971008391 -0.837822940453466 
4328.2235042948305 -0.6286702751726163 
4324.938718296944 0.0460601033165402 
4329.027387773171 1.343690147952365 
4324.622224114132 -0.6382104192170186 
4317.747538305456 -0.4745335301768532 
4324.191713659772 0.04491266457538216 
4317.106271281058 0.0071338167875300675 
4323.589216005777 -0.1737761865081398 
4318.266490406378 0.001241870349547969 
4318.737997809123 0.9447934744426251 
4328.528258694366 0.27759906239690735 
4317.1495329125055 -0.08458909255936017 
4321.5872970490045 -0.8675272437090386 
4327.711453683109 -0.7939372070325842 
4321.759614763425 1.366755191865356 
4328.484688126646 0.3229354116294586 
4327.2885322005095 -1.489186903864488 
4315.340289593269 -0.1643273109000135 
4321.756340542568 -0.9340367283071008 
