2154.2641160196395 -8.934671332906435 
2156.4079018748403 -8.792447494810393 
2156.9812985867466 -8.484043977976699 
2156.13229135096 -7.944495616140399 
2157.507814165804 -7.642283428330338 
2155.6115296014214 -8.476416477365749 
2156.2233967277384 -7.767538082268579 
2155.5297254509014 -9.239647490718495 
2157.6068762084888 -9.687485219980982 
2155.7887072882017 -6.309892562731065 
2157.2726647997215 -6.5813792713092125 
2156.2159162791468 -6.586488732035569 
2154.831390601635 -11.320153260298172 
2156.0625467536283 -7.873376172018251 
2157.460646570219 -8.058313466727318 
2156.6258758400063 -11.184086268520483 
2153.616195576389 -10.408345111854667 
2157.513481657473 -8.227069856316936 
2155.8919528273796 -5.895776835206816 
2155.48082843257 -7.806171475853819 
2155.3034932306064 -9.319643315520251 
2156.2060118788677 -8.185898279443558 
2155.617317813294 -10.481518787477976 
2156.012580976264 -10.476696689770526 
2155.657774143815 -9.297175290131573 
2157.6479400812486 -8.415144086579486 
2156.3897500637977 -7.496275394849865 
2155.3563449079093 -7.448063781694947 
2155.925464734488 -8.095319123378934 
2156.504419885638 -11.063554477209658 
