4323.441359030495 0.026019310859848946 
4323.134830807194 1.8551777505302054 
4324.142790894578 2.4697769106461607 
4326.440692413545 0.8304005734800354 
4324.787199971226 2.2327010862233903 
4323.797802568635 -0.014800780094891995 
4328.8751098076 -0.8487322805489995 
4325.6829951622885 2.2417058998314547 
4323.707866507635 2.9362057561770256 
4321.908250122387 -0.7156119864327319 
4315.703034083025 1.4046505788442911 
4325.58263643818 1.674152969682609 
4321.496905677768 3.380366817950404 
4323.312822311416 0.15586899613728442 
4322.307599516103 -0.4305926274387959 
4322.664101840471 1.4420041032531183 
4324.744110325934 -0.9054499567304944 
4323.654073037264 1.8239847241301967 
4319.947060881336 1.4887678684884476 
4321.779634698093 1.1927846535629565 
4321.6198149550655 0.7090687610522453 
4322.524069217967 1.4339360121736415 
4322.675541848291 0.11633437418099848 
4323.193647752995 0.7390696108003696 
4324.39001151161 -0.22949083115701246 
4324.184310363389 1.2869929156092281 
4330.480741341029 -3.127224096894983 
4322.052731706606 0.9938894573646302 
4318.657933258856 1.0462989925707713 
4317.112593836883 0.9982364789203163 
