6255.16503283522 -0.5091153600253882 
6260.820772936684 -8.562376074461444 
6256.796697338826 -0.923196353526671 
6254.01179410944 -0.8170768673227751 
6259.091924177981 0.6888795717790038 
6254.680220941743 -3.8706236439771997 
6258.307949260214 -2.4422590640481747 
6264.506606371868 2.0263006104341916 
6255.529029533205 -4.291018266663743 
6260.603134500704 1.695193621512539 
6270.117041373334 2.0607242954399423 
6261.336085491581 -10.333014803413878 
6260.303417219505 1.9349253144176304 
6263.009158398977 5.241018896543138 
6265.156175028827 -0.34729894506931247 
6269.068099722528 3.795431292729405 
6257.9317438378175 0.773673923788452 
6261.742530375374 2.3277455279063934 
6250.173559214005 4.045736566634368 
6245.767491251178 -0.6340371228856534 
6270.381525412518 0.43534846067368005 
6258.96279318861 1.9996644538281312 
6270.364257639739 1.6774194609392192 
6252.834287080202 -3.120155391387382 
6259.536754476568 1.719192253922226 
6263.7609481644395 -4.758578959013609 
6268.142206466715 2.1047894660835507 
6261.132548864137 -5.384169748387168 
6247.829159655775 -0.3511812844510316 
6256.1085636918315 0.24017912113889617 
