5373.332356698747 -0.06510120897411889 
5415.106751996211 -0.29584251988238236 
5369.860022690714 -0.19329417581014272 
5386.90118513945 -4.0333641368006425 
5401.360611566531 0.17421173201386922 
5399.182935858404 -0.16187901178395922 
5380.4917176171 0.000522066934806718 
5391.930089863058 -0.06951248116124108 
5367.762309184182 -0.24495009310459703 
5366.210913464483 -0.13528545766507377 
5277.195307706626 -39.803984345403535 
5377.915598053482 -0.0057803718036682486 
5401.132825769327 0.011746295530137936 
5385.1926494506315 0.0697412267509432 
5402.310833666445 0.4205828292796507 
5391.354486138878 0.13480724322750373 
5404.9431999575445 -0.19384404481106782 
5216.276289221877 -2.4037663109379426 
5393.175625808334 -0.20756127735027075 
5374.689144685607 -0.043723003811623626 
5387.935981618351 -0.09349693548070027 
5392.284271381201 0.03582270513576603 
5416.382413814122 -0.32411902587717917 
5379.914986542013 -0.012730020039848683 
5382.200457529559 0.02801312405357836 
5200.619215869999 -14.36263533604904 
5390.012230487929 0.09947810179463684 
5393.158188707393 -0.12256841467918776 
5392.090814490703 0.20870672682346897 
5360.435985429625 -0.33201693045565556 
