2154.701971501626 -10.065415254009245 
2153.9698942137766 -9.99394254000545 
2150.7702356473073 -9.992690308473179 
2150.9205322465814 -9.990098034629705 
2155.373668255869 -10.011661440572139 
2148.1526091586225 -9.951012413082767 
2150.5094514284197 -10.001729697081103 
2151.992248475812 -10.045704581896658 
2155.1468189398465 -9.979738987117067 
2153.033002308217 -10.022666048827627 
2151.2553504126595 -10.011840623778188 
2151.0685381623784 -10.004730632943675 
2153.2128847319195 -10.038124311831067 
2150.031743875709 -9.970288237209397 
2155.1583625166077 -10.032013953495573 
2155.5379942070426 -9.954612334437625 
2154.258514238565 -10.058038522761047 
2154.8330245919888 -10.03225997950801 
2154.0543826137136 -10.049102452422417 
2151.363874958977 -10.011065128567337 
2154.0708367145025 -10.08899714025996 
2153.8833073706764 -10.028277705137997 
2151.389706881196 -9.980615951290654 
2153.604507189525 -10.043791795432824 
2154.000815188006 -10.033876562166226 
2151.860650697545 -10.017641526023905 
2154.508496384338 -10.062448586760986 
2155.833111288736 -9.991597211143757 
2151.891354929054 -10.04609278816454 
2154.5448813496782 -10.0119557022551 
