6009.175060575795 0.09774196047924918 
5988.3471972863545 -0.7329035095156405 
6036.727754537611 -0.3330678223172164 
5918.791256363418 3.036874169406951 
6036.75133744272 0.8590144051464811 
6023.915634387276 0.1245677674871689 
5990.045521133363 0.013309254056952427 
6015.330836830877 -0.09987771788372976 
6011.75483293608 0.048271046986827056 
6017.468290319085 -0.08346200646826464 
6011.536767890248 0.00961808479484674 
6056.907308293042 0.809488889617828 
6019.882065012993 0.2874677569434268 
5838.846298146166 -0.24883624174571206 
5991.496992855719 -0.47997584748255406 
6014.859887741529 -0.024014876024787198 
6015.353088924669 0.08060653895989657 
6018.092435103194 -0.17801305679198892 
5905.40578539174 -5.947571985311193 
6001.407595801919 -4.514725512315943 
6024.39501785867 -0.05422514962106171 
6017.719432750327 0.021407260898658364 
6007.50399619889 0.026638480405701676 
6009.4283432764805 0.1779526576495585 
6054.436520138525 -0.32663754260389744 
6068.979454145002 -0.0034110096839584663 
5999.483719521919 0.002299994789027263 
6020.26393023342 0.020397052120352133 
6025.658240623083 0.1552407429864255 
6023.120650873605 0.2166668679633972 
