5699.897881076301 0.7433281862890511 
5703.148011303761 -0.38046965110645514 
5703.484517293658 1.7594337009340895 
5702.093552716152 -0.0792383738576895 
5708.380560406993 -0.7324541183178819 
5710.863054062366 0.5667827919713196 
5702.228945049355 -2.7476369919138275 
5702.644591532162 -2.311847998348852 
5705.552789128157 0.920028143685759 
5700.776366221447 0.43666383657116037 
5707.0717720577995 1.3777172962806918 
5701.370419722022 1.203629596122354 
5695.074269126187 3.437257197996633 
5701.610762338579 0.27825981608557976 
5702.793737147247 0.017518329578458173 
5701.991279803242 1.9287524791591695 
5701.047752646659 -3.746033442307381 
5696.65508821918 0.6961092030523552 
5692.583186043121 3.740725663162496 
5706.458263270502 0.49172071093205344 
5704.661963625252 0.5952376817099596 
5699.426398057304 2.7391614633696317 
5703.28186709587 0.0029017751433107887 
5693.8636068965325 3.4657092166001564 
5696.938202709778 2.316100718331596 
5709.558112829095 -2.623971324252719 
5702.123686179186 0.3369462209117206 
5700.683191721274 -0.37055434214015043 
5701.520701458018 -0.04017659855775138 
5701.302220179542 -1.3264121829923996 
