5383.564813951974 0.3115928120725997 
5380.5836187321975 -0.3757428716353566 
5384.5592210109335 3.5583003736103977 
5382.061166719669 0.9349679732671694 
5384.200893085127 1.51787350269134 
5381.709396626226 1.3900103562510704 
5383.6315321114225 3.0416895275112963 
5380.73007702707 -2.802074332434789 
5383.277224524608 -2.0576216074738225 
5381.731545615119 -0.34426407210838517 
5381.72914665376 0.3211820431934545 
5381.508405333289 -0.15657335621324622 
5381.004330163043 0.9713995612324947 
5383.922667700708 -0.7074864703919191 
5386.306238013876 -2.4174693414691477 
5383.829149258536 0.34202270329048484 
5391.248495016733 -2.336274982113983 
5382.752548936804 0.4837220064295584 
5380.810788420866 -0.5824025343414393 
5382.254084134448 0.42375161063124256 
5388.166591530613 -0.49309438969339653 
5385.069049217981 4.0071506160802555 
5387.260851325795 1.8475406311033125 
5383.124655857905 0.36726533294235675 
5389.257996441941 0.7176780568330775 
5391.3942862542435 -5.312809824047062 
5382.612031632578 3.2869231168038224 
5388.618038976308 -0.3319395434173871 
5381.695906985427 3.3536257922060404 
5383.307539089429 0.4655325505486901 
