6008.519304461545 -13.222437297682973 
6004.80242281722 -0.8176417220991159 
5997.8541402942565 -1.3973677857636695 
5993.056761534312 -0.9420539900742589 
5998.759225656587 -0.0773256121382324 
6000.050100514975 -0.15362268296935314 
6003.045736543453 -2.2661012280065087 
5992.551521360061 -2.7989472243341695 
6002.310964476777 -2.4800074123832103 
6006.879326244906 2.181923546123397 
6000.734235716177 0.12554975375505578 
5997.724264259993 2.3460326730507903 
5996.46159016143 -0.055027217104737056 
5996.128438644966 -0.012591842215355099 
6001.92071481433 1.1127810536550538 
5988.903104315074 5.247348356984109 
6002.5065646376115 0.9777501947022115 
6001.409985101802 -1.0849282578177317 
6001.256715557523 0.7448374202695698 
5996.392544788925 1.9361935333949924 
5989.868311609834 0.9378775771738264 
5994.246403529711 0.955081000007143 
5996.433903070927 1.0594225998953903 
5996.27541694496 0.7174107295384055 
5996.107507473971 -2.9853082087025773 
5984.51988874347 0.20003088517189604 
5996.308491877849 1.9302694591163394 
5998.629877944989 0.04423311646346702 
5995.406920310682 -0.11897789897058562 
5995.889166396874 1.1252009522860154 
