4334.312433559701 -0.010834174637665684 
4274.785065396211 -4.34570812563525 
4342.85916743527 0.061792320784430914 
4308.376249890488 -0.6056757216564211 
4317.290802345027 -0.007895376047711953 
4324.807415397108 0.012592834828007488 
4320.349689788821 0.014450410832048458 
4317.861569900117 -0.006003772309907148 
4242.349713733995 1.163344871181209 
4314.460932188164 -0.004833539838213699 
4348.65196972905 -0.10099601871326881 
4327.441879451224 0.0619657342052345 
4329.085245760101 0.01094462374237595 
4321.053015159654 -0.04104269476857051 
4335.217000183422 0.02295468758320996 
4320.155079450364 0.009185570081175902 
4332.555289333389 0.10430637922671021 
4313.038832838869 -0.010574226076653186 
4322.724381685563 -0.00478352687478765 
4318.758328018692 0.007459035121851816 
4348.190184712307 0.06641077280216087 
4327.417733208242 0.06468882302161759 
4313.365924652865 0.039919669489659255 
4274.052252270065 -4.636559484005323 
4328.987625687002 -0.013603307140675916 
4333.327162526538 0.017465228719848562 
4312.889755528956 0.02645802943071398 
4329.505662710914 -0.020645185718191787 
4270.663860169436 -0.6813021097208187 
4308.543300397115 -0.03653365667185233 
