5697.780338098782 0.05266157003897594 
5715.064151858114 0.28175113697350535 
5725.580671597067 0.006217076800766605 
5713.525412062427 0.0892184397648049 
5580.03600747514 1.8042690969159407 
5702.59198150086 -0.00129164471199755 
5711.396298053667 0.017344594036608107 
5722.199105848596 -0.03990303102697084 
5741.481921812491 0.2131291162163027 
5706.478453017223 0.02559538215275173 
5716.327867597642 0.21002410183877535 
5720.466191944217 0.05255518910040507 
5728.2938523328585 0.509486238777858 
5712.568679337353 0.10177397138085639 
5714.660315953371 -0.1960207506168077 
5718.218548440181 0.007754503432121702 
5707.564972858837 0.008696725005468827 
5716.612802112753 0.18963518097554383 
5699.294035483206 -0.004848497760182183 
5709.443446543056 0.01592899277822087 
5716.302588532231 0.07311253540919496 
5694.525347576065 0.00622455883540501 
5707.878351312534 0.09046142250238719 
5710.943854731553 0.05625641238360312 
5702.553872714816 -0.014110941529750906 
5705.454301372978 -0.016488592222810048 
5721.738718649338 0.11422062150808422 
5713.168611579065 -0.04224693737039138 
5646.462315578559 5.241764680441237 
5715.547256237869 0.07365317383874896 
