6276.413937756923 1.6276220746595522 
6278.358486483711 3.047843240780967 
6274.930864788199 0.3894031291796571 
6276.534709554453 0.08674040366222271 
6278.401653189589 1.8556488372518578 
6276.391785832961 0.418705635742618 
6273.247466585869 1.7219423671865755 
6279.389296827882 -0.6464811754552473 
6279.766475102125 -1.2625182442894918 
6278.303280739661 -2.1868191298727626 
6277.043110567473 0.5558933425636624 
6279.091794053702 -1.5487781145412851 
6278.093462215343 3.4014956297195797 
6272.19984934972 2.466551443303844 
6275.035168008114 0.5666642146267656 
6270.072007938778 -4.01920021034473 
6284.502879441354 0.20510688854710588 
6280.132434317278 0.1592995740568973 
6272.554076098156 2.076822077361601 
6273.308502937387 1.051152341499043 
6279.182999803977 -0.4068675597320161 
6280.134513611069 -0.5456556243542537 
6274.395749036878 1.6875963683264528 
6278.298193959101 3.3543044784919998 
6283.564634632601 1.120121999764177 
6280.6173784203565 -2.5961419917948274 
6278.457835189602 0.5398318838949945 
6278.3003608856825 -1.158181084099385 
6272.127611349278 -1.3560548053957036 
6279.1427035125525 0.5837347050643202 
