6318.005093544101 0.12049880340488486 
6291.779060396186 -0.07873196832899187 
6273.653679721309 0.025028144819497673 
6322.2171526232 0.4383343616801681 
6301.982034979844 -0.04944414426855116 
6176.352501306217 -29.549020930362246 
6278.351378122475 -0.009172266397178285 
6300.418283775047 0.10197179315941723 
6299.222896745232 -0.14349669165654516 
6284.3459222555875 0.08368249778615215 
6305.331685321201 -0.08819027448888454 
6290.3104882293055 0.2887010410426766 
6326.332205171195 0.37046900696713897 
6319.816095403116 -0.0245843998990168 
6318.4185675758645 -0.33666990732674573 
6151.808631164318 -48.47335369027477 
6299.271458988866 0.0619207560205193 
6297.298143941514 0.06811017776197188 
6308.438655329262 -0.22553258999762354 
6291.3575612961295 0.1119262780342095 
6312.743542872606 0.4291500678956384 
6291.305559173424 -0.0708662626315729 
6287.438308719937 0.3050425529002173 
6239.745592722864 -3.528015420508738 
6303.843227291331 0.02580009124571408 
6284.7812214734495 0.15261066687538727 
6294.955998184154 0.059967913992854116 
6277.852817099625 0.01517564143157833 
6157.124761309021 -13.540183583563145 
6295.8691282434775 0.22044970176507403 
