4323.848146516498 -0.028971970516863968 	-171.46645491980883
4320.664017014564 0.6841561012327664 	109.91342956567206
4322.6850713315025 0.2909951528683205 	163.7586355015456
4324.605735395294 0.6690991628232943 	-76.67594499173809
4321.628392149355 -0.6781607041293923 	-176.33554771592546
4322.6523342420605 -1.141159474403214 	107.47295871571328
4323.309396709453 -0.2552058814719091 	165.64091176915525
4321.610388916505 -1.088441287337321 	-122.79751684278341
4323.4222210740745 -0.14595660098353538 	-169.90588358431037
4319.610458187327 1.449702119425103 	17.263048469517514
4323.877740056595 2.2155793762707088 	98.81098486805689
4324.365663783005 0.058121472602855856 	-108.59612141506948
4316.899736661552 -1.0121634412516092 	-36.48575788931595
4323.841544767665 3.362959353504472 	57.576678989612475
4325.460290108542 2.4832129276717256 	-175.14991904354574
4320.380411709181 0.3269697364582898 	139.95932189774197
4321.070414513614 -3.12305826715817 	-42.27773511241165
4323.661635990836 0.99871458070557 	135.07792622385028
4324.691661198669 0.4689072995425515 	77.58012689736302
4319.060849261482 -1.332015597976445 	-49.35420532144562
