4322.39415423658 -3.0183245639904634 	-0.41371565559732904
4320.443486803456 0.708432094699091 	-0.016358413716615283
4320.122426739726 -1.849642547270547 	-0.010554343463100357
4320.825254369306 0.1107547030696336 	0.2889199464181754
4321.354773188344 -0.6152742374872824 	-0.057639568467591884
4317.931229999837 -1.5526646168562102 	-0.363745498604513
4318.597683018009 -1.5928930469888454 	-0.30921465194350106
4317.241939502015 1.248182803883647 	0.35182846139222623
4325.000148083505 1.0633883633876693 	0.49629217905412226
4320.150266024975 -0.04366609656976704 	0.19949547561515768
4319.751363622659 -0.3508598043590914 	0.0690088277242179
4316.06985568837 1.8402646566113354 	0.09077563452889181
4322.0457334876355 -4.861358013153881 	-0.48110111310007486
4318.594244612486 -1.37406980705327 	-0.2508341298579687
4319.809070461674 0.8625612559734125 	0.26032995675874515
4318.844336378479 -1.0035678033410957 	-0.23522346135379313
4317.784248758383 0.18667376320217066 	0.266769582683685
4323.487297903034 -1.3457427044431047 	0.4305399448941253
4320.034120831156 1.213644310901448 	-0.002268130678929281
4317.297899721484 1.6024522416451041 	0.35805816594776985
