6363.492745000126 1.2193475468233819 
6366.550699725476 0.9752825720963064 
6366.39858252306 -2.5795236126800223 
6364.555841101916 1.088439200865173 
6351.2197722332485 2.8274409711474084 
6363.297447792021 3.205655364012928 
6366.597040169396 0.3084648438750177 
6365.4818817251335 0.9622743996965762 
6365.847584824375 -2.605301545855616 
6360.552592381546 -5.087774106797506 
6358.689357416124 1.008491539283021 
6365.813490134763 -1.310716259004584 
6357.973020259386 -2.0867014585637813 
6369.6303411338 -0.4594459120404165 
6373.030856916983 0.6985218741235439 
6362.228261313403 -3.9777603950989517 
6360.079033640271 1.009233620291437 
6362.751065167829 -3.4468084715087053 
6366.2078593660835 -1.40592741536368 
6364.339279440172 2.240832839934669 
