4318.732132895809 0.4923089724860279 	46.07923763714174
4319.135225496223 0.9455333594260598 	45.65201284470229
4315.828639553011 1.507575311118424 	47.622540908037436
4318.98958219827 0.03712664294237518 	42.865027517845114
4317.781041199885 0.6592263050121138 	47.26826349183297
4322.374459057686 1.1274743196019177 	44.85315782591364
4318.41488834126 0.6220544518417294 	47.690386275436175
4322.487157638103 0.15041869826972099 	43.11946166102511
4321.397443502365 0.015251036962209282 	44.497960828198316
4318.627758600894 0.8316724349493492 	46.721143405650174
4317.714757153275 -0.43838385838826543 	47.859689595552034
4319.911463692703 0.5807463590552017 	43.08461506769802
4320.9260997029105 0.14898750301019897 	42.51362754910285
4319.939450071654 2.9065274050593093 	45.31944160044884
4319.215298668189 0.5461184063498465 	47.12876886154038
4317.050071831588 1.275283563223566 	46.910099739698964
4315.817244471789 3.3106852484398517 	45.94653250862727
4314.861540076575 0.7892023108901646 	47.97107638026747
4318.801890233114 -0.04313178390364223 	46.4428772464862
4319.102901860723 0.060419846147277814 	42.863827895664016
