5
4322.293503459719 -3.6650584269150652 	-0.4143687703126613	-95.23293651667456
4319.8866749468725 -0.9562306740319629 	-0.02560026570323881	157.09876513396995
4319.813083759392 1.0898877665872317 	0.38484105329697005	124.28131475154697
4319.078492944721 0.21358982470696514 	0.22052462055992428	38.729442040056966
4319.269487821022 -6.888185718909555 	-0.3967124903433592	-15.209694360135757
4323.88605157746 -0.23328260733978373 	-0.07442872013869939	82.23113708048896
4317.700587319124 1.5920272329096046 	-0.22559102869952108	-37.094630085736924
4321.266496084988 -0.2324405487807738 	-0.22994505917753527	-171.27930502947973
4324.181583255359 7.392579596523792 	0.3909570397208225	44.06149191977397
4319.623127427457 -0.6317462709712968 	0.4259720516862813	-26.30755691978544
10
4324.040975046372 -2.5409808111789673 	-0.4143687703126613	-95.23293651667456
4320.952764453963 -0.7439027389076623 	-0.02560026570323881	157.09876513396995
4320.678552577881 0.44779802400606755 	0.38484105329697005	124.28131475154697
4317.215033078583 0.5473399557381294 	0.22052462055992428	38.729442040056966
4320.534997375336 -5.987208784541407 	-0.3967124903433592	-15.209694360135757
4323.91781714477 1.3309820535360186 	-0.07442872013869939	82.23113708048896
4316.439838652636 1.2957009570435196 	-0.22559102869952108	-37.094630085736924
4324.000073609901 0.08586755479875202 	-0.22994505917753527	-171.27930502947973
4326.159540731654 5.87396725387689 	0.3909570397208225	44.06149191977397
4318.914660770733 0.6040425312622164 	0.4259720516862813	-26.30755691978544
15
4325.663410671306 -1.0994633202909392 	-0.4143687703126613	-95.23293651667456
4321.645508467845 -0.2218405661751596 	-0.02560026570323881	157.09876513396995
4321.874296210794 0.21848228024897837 	0.38484105329697005	124.28131475154697
4319.90683717134 0.6328471604276358 	0.22052462055992428	38.729442040056966
4319.837750917925 -3.6231430969460483 	-0.3967124903433592	-15.209694360135757
4324.155448068658 0.8688604273579023 	-0.07442872013869939	82.23113708048896
4317.917285847746 2.0745337046524144 	-0.22559102869952108	-37.094630085736924
4328.062473790717 1.4937001310336733 	-0.22994505917753527	-171.27930502947973
4326.705353352539 3.982813180858201 	0.3909570397208225	44.06149191977397
4321.255140349848 0.5086697734363994 	0.4259720516862813	-26.30755691978544
20
4327.296086544741 -2.183084132142149 	-0.4143687703126613	-95.23293651667456
4322.4505433123695 0.012342894384727564 	-0.02560026570323881	157.09876513396995
4325.044415648289 1.4174090898965432 	0.38484105329697005	124.28131475154697
4321.791680235519 -0.3112335399768653 	0.22052462055992428	38.729442040056966
4321.183067316397 -2.165080980270084 	-0.3967124903433592	-15.209694360135757
4327.418127809242 -1.978034381586958 	-0.07442872013869939	82.23113708048896
4319.391088652911 2.0564089745819643 	-0.22559102869952108	-37.094630085736924
4335.659011727626 -1.4176565521897035 	-0.22994505917753527	-171.27930502947973
4329.516489744412 5.851241767678148 	0.3909570397208225	44.06149191977397
4323.242017660285 -0.25588907624239504 	0.4259720516862813	-26.30755691978544
25
4328.845841978257 -1.8409486880608965 	-0.4143687703126613	-95.23293651667456
4325.49705679402 1.9436835360552562 	-0.02560026570323881	157.09876513396995
4326.823330969114 3.13071740061643 	0.38484105329697005	124.28131475154697
4323.630665968978 -1.0396151574613404 	0.22052462055992428	38.729442040056966
4321.690045051382 -1.1796914375573142 	-0.3967124903433592	-15.209694360135757
4328.621535709538 -2.1537206423478072 	-0.07442872013869939	82.23113708048896
4320.8837176098095 2.620671902759213 	-0.22559102869952108	-37.094630085736924
4333.043974157186 -4.065746841498006 	-0.22994505917753527	-171.27930502947973
4330.712612179817 5.200212741449479 	0.3909570397208225	44.06149191977397
4324.625811362495 -1.3311878079265254 	0.4259720516862813	-26.30755691978544
30
4330.73111572533 -1.6436240962253488 	-0.4143687703126613	-95.23293651667456
4324.382556660826 2.9457619637102277 	-0.02560026570323881	157.09876513396995
4327.855180235439 1.2695662639630958 	0.38484105329697005	124.28131475154697
4325.4612740020775 -1.4360683691646394 	0.22052462055992428	38.729442040056966
4328.543133819968 -3.405389469137852 	-0.3967124903433592	-15.209694360135757
4328.648137334924 1.197824298448741 	-0.07442872013869939	82.23113708048896
4321.526461474881 2.9742085279168795 	-0.22559102869952108	-37.094630085736924
4334.340415076088 -4.11646384836668 	-0.22994505917753527	-171.27930502947973
4331.090007094054 3.3193858217408048 	0.3909570397208225	44.06149191977397
4325.84141317219 -1.9656166287900498 	0.4259720516862813	-26.30755691978544
35
4332.993073272274 -2.073423051902772 	-0.4143687703126613	-95.23293651667456
4325.459533763618 2.9383332033682508 	-0.02560026570323881	157.09876513396995
4329.387423384402 0.5521428840891558 	0.38484105329697005	124.28131475154697
4327.066537897652 -2.005998575607516 	0.22052462055992428	38.729442040056966
4328.226971235986 -1.9995651221138446 	-0.3967124903433592	-15.209694360135757
4329.711191804228 0.6357480416590658 	-0.07442872013869939	82.23113708048896
4323.490126043503 3.4271013822840604 	-0.22559102869952108	-37.094630085736924
4331.613676437216 -3.1914492046858216 	-0.22994505917753527	-171.27930502947973
4333.934124965543 6.811985503602119 	0.3909570397208225	44.06149191977397
4327.236009734369 -3.028616087983978 	0.4259720516862813	-26.30755691978544
40
4334.985437964648 -2.3057872372344104 	-0.4143687703126613	-95.23293651667456
4325.899264941456 -0.5857303708247694 	-0.02560026570323881	157.09876513396995
4329.6807468245 0.1442575285368389 	0.38484105329697005	124.28131475154697
4328.892787549044 -2.515429021269668 	0.22052462055992428	38.729442040056966
4329.916330102718 -3.6865504827456204 	-0.3967124903433592	-15.209694360135757
4332.507933833836 0.1417621638026873 	-0.07442872013869939	82.23113708048896
4328.334215703328 5.255358606764584 	-0.22559102869952108	-37.094630085736924
4334.835499746252 -0.28378458620705 	-0.22994505917753527	-171.27930502947973
4335.633059223877 5.152136178586594 	0.3909570397208225	44.06149191977397
4328.431034936874 -3.092187725413191 	0.4259720516862813	-26.30755691978544
45
4336.576051064381 -3.4314232244048504 	-0.4143687703126613	-95.23293651667456
4322.747105967196 0.017645935321641396 	-0.02560026570323881	157.09876513396995
4335.084410250034 -3.7880599348209247 	0.38484105329697005	124.28131475154697
4330.719263537241 -2.9536364466210756 	0.22052462055992428	38.729442040056966
4331.3868475757345 -3.4975223719374022 	-0.3967124903433592	-15.209694360135757
4336.2872971322595 -4.115962364701867 	-0.07442872013869939	82.23113708048896
4330.031041400653 4.767209021325081 	-0.22559102869952108	-37.094630085736924
4336.232916924485 -1.5968179892308498 	-0.22994505917753527	-171.27930502947973
4336.074163967745 3.62508439971345 	0.3909570397208225	44.06149191977397
4330.087006386635 -3.0084223697669494 	0.4259720516862813	-26.30755691978544
