0.05
4247.858945923591 -1.361431594471163 	-0.35077559741842623	-113.68520560332045
4223.231558784223 0.21744465978977123 	0.2236297658797638	142.13553538992096
4235.667141259092 -0.9592796767266679 	-0.1772899628889053	-59.15993122239574
4237.858168272982 0.26956930192381595 	0.3723343027820659	-134.29094116778828
4225.804577078923 -0.15209013613989333 	0.24602485152160003	-3.0146403140118423
4236.580601260413 0.05368346000309463 	0.43661068045316065	-135.21719713239122
4233.585870266917 -0.5106486673162081 	-0.17489500051521834	122.82080792134519
4216.314684541552 -0.6947159030916225 	0.057798262066499406	80.8886494691746
4227.685342011219 -0.6109252779276858 	-0.04324551825852563	-20.036047123772363
4220.0682934443275 -0.5085224199435525 	0.08209660717022549	82.40989126705222
4233.8601282527825 -0.18821440799249683 	-0.024638644221364192	46.811585415632976
4234.349151190312 0.2755250322331473 	0.3943542904206906	-135.78378929405778
4244.082622665268 -1.1232206111227125 	-0.4259868164370463	-53.96351891086397
4227.959647671459 -0.537193911762547 	-0.018218696429836423	-115.91172596481755
4217.946318402046 -0.44939460978642193 	0.020546700519690764	144.61067384154478
4234.096376456152 -0.9334297383209355 	-0.15750800766933437	-56.87266130765832
4237.148632167336 -0.5604229152533516 	-0.19238098087151312	-165.6090970005536
4238.700999774129 -1.487120903820607 	-0.23511058980017074	-73.37003816444609
4212.4435364134915 0.8522170507966581 	0.21328651029429535	-45.603953126609156
4224.034027633627 -0.5980895730130075 	-0.022292709530438493	-15.125602777407607
4246.251272580066 -0.6618893359824761 	-0.2615173118939018	17.724826012412024
4235.612801659401 -0.6239883364422713 	0.042232170360646304	128.6241461433342
4242.953435882549 -0.5527896927440027 	-0.1944741146176301	-94.13790666813266
4239.764315653888 -0.6115064402252661 	-0.05045864551480361	-5.498568646091428
4254.66726829823 -1.2767597978318093 	-0.4038974945186211	-73.00079714701002
4232.00416756673 -0.6207997678927397 	0.11973273629746328	53.628564530143876
4223.811234480243 0.74130334010545 	0.3375533541509538	-129.57979150944124
4231.703122019968 0.26627461494686816 	0.35811112071056606	94.68321265997668
4235.064727378168 -0.733116806357235 	-0.1770477764068673	-27.628297773522092
4257.393549751105 -1.1783779502755931 	-0.4813102133045095	131.8890676055952
0.1
4270.683447617357 0.39787742789717667 	-0.35077559741842623	-113.68520560332045
4235.531365581323 0.45176944991353124 	0.2236297658797638	142.13553538992096
4251.030770263832 -0.21832497440208198 	-0.1772899628889053	-59.15993122239574
4231.161623621043 -0.2856502700101943 	0.3723343027820659	-134.29094116778828
4241.154489122499 0.6860139354401636 	0.24602485152160003	-3.0146403140118423
4246.915565307206 0.9951192703388739 	0.43661068045316065	-135.21719713239122
4255.624867839549 -1.2603531064573479 	-0.17489500051521834	122.82080792134519
4241.254187683905 -0.30908176900453405 	0.057798262066499406	80.8886494691746
4249.38004459114 -1.019039838253882 	-0.04324551825852563	-20.036047123772363
4236.8646362235995 -0.23628565303625906 	0.08209660717022549	82.40989126705222
4247.411667499024 0.09862272965714436 	-0.024638644221364192	46.811585415632976
4241.315507902985 1.0039636399986462 	0.3943542904206906	-135.78378929405778
4270.908182866 -0.7802901423720537 	-0.4259868164370463	-53.96351891086397
4244.058749632916 -0.3305274525922846 	-0.018218696429836423	-115.91172596481755
4238.272049129022 -0.6747967620689599 	0.020546700519690764	144.61067384154478
4251.44851958447 -0.760658102720422 	-0.15750800766933437	-56.87266130765832
4261.995457729147 -0.39245702445267033 	-0.19238098087151312	-165.6090970005536
4250.893866975177 -0.9131313142323987 	-0.23511058980017074	-73.37003816444609
4224.5174698119845 -0.5056386488940232 	0.21328651029429535	-45.603953126609156
4242.653340602535 -0.3149096923347745 	-0.022292709530438493	-15.125602777407607
4254.4440037673585 -1.1816409655942162 	-0.2615173118939018	17.724826012412024
4242.784091294206 -1.3787212398900257 	0.042232170360646304	128.6241461433342
4268.84866323523 -0.9129456794645451 	-0.1944741146176301	-94.13790666813266
4251.895332771944 -0.45470621256848726 	-0.05045864551480361	-5.498568646091428
4275.582589856928 -0.8573496758235174 	-0.4038974945186211	-73.00079714701002
4236.665238250656 -0.08750079760046363 	0.11973273629746328	53.628564530143876
4238.045464602829 0.2373574221467511 	0.3375533541509538	-129.57979150944124
4252.3281348767705 0.4513685975574928 	0.35811112071056606	94.68321265997668
4253.936441262122 -0.10963325023022073 	-0.1770477764068673	-27.628297773522092
4278.355783834343 -0.13298669367408583 	-0.4813102133045095	131.8890676055952
0.15000000000000002
4283.011020689555 0.8247197159214085 	-0.35077559741842623	-113.68520560332045
4257.525988709707 -1.0338223273856042 	0.2236297658797638	142.13553538992096
4273.281970321005 -0.8406548740688848 	-0.1772899628889053	-59.15993122239574
4261.922296349937 0.5807600396936862 	0.3723343027820659	-134.29094116778828
4267.390006910332 0.9580436488355004 	0.24602485152160003	-3.0146403140118423
4254.224884441395 0.3346257686129 	0.43661068045316065	-135.21719713239122
4266.791331709493 -0.5640036150435725 	-0.17489500051521834	122.82080792134519
4247.909654567879 0.4659196256387055 	0.057798262066499406	80.8886494691746
4269.028839262246 -0.9245365053283937 	-0.04324551825852563	-20.036047123772363
4259.672815860539 0.06381531182476413 	0.08209660717022549	82.40989126705222
4269.15300808513 -0.9488042696006938 	-0.024638644221364192	46.811585415632976
4241.737209668626 -0.09374094538657589 	0.3943542904206906	-135.78378929405778
4283.185100474766 -0.2499844258715843 	-0.4259868164370463	-53.96351891086397
4276.968215393309 -1.0256552397605811 	-0.018218696429836423	-115.91172596481755
4252.559477233867 -0.8887755454552707 	0.020546700519690764	144.61067384154478
4271.724452705648 0.4703100889690667 	-0.15750800766933437	-56.87266130765832
4271.8308779506 -0.5499690684959377 	-0.19238098087151312	-165.6090970005536
4275.467733452534 -0.8489293403584991 	-0.23511058980017074	-73.37003816444609
4244.260472098137 0.55512806332505 	0.21328651029429535	-45.603953126609156
4262.670039935717 -0.7804469583813188 	-0.022292709530438493	-15.125602777407607
4274.8979768133995 0.9205847515523725 	-0.2615173118939018	17.724826012412024
4249.983424853887 -0.43419020282019893 	0.042232170360646304	128.6241461433342
4288.9560044130885 -1.5887451290589152 	-0.1944741146176301	-94.13790666813266
4273.839115459072 -0.2417627329826723 	-0.05045864551480361	-5.498568646091428
4288.099242016908 1.1407741263059794 	-0.4038974945186211	-73.00079714701002
4244.398297351562 -0.5585558912810139 	0.11973273629746328	53.628564530143876
4268.334708029997 -0.1328882859005096 	0.3375533541509538	-129.57979150944124
4259.016385611059 -0.29319700953052075 	0.35811112071056606	94.68321265997668
4277.167791361095 0.9052624910346824 	-0.1770477764068673	-27.628297773522092
4288.558075442553 0.5018099590413807 	-0.4813102133045095	131.8890676055952
0.2
4290.2807725730645 -0.32299042175189524 	-0.35077559741842623	-113.68520560332045
4266.504551745122 0.4251841139070754 	0.2236297658797638	142.13553538992096
4279.159282017415 -0.6557744791650523 	-0.1772899628889053	-59.15993122239574
4274.124307647992 -0.8122154533981621 	0.3723343027820659	-134.29094116778828
4278.458769254868 -0.26014949935000614 	0.24602485152160003	-3.0146403140118423
4276.036088598764 0.4265927696749706 	0.43661068045316065	-135.21719713239122
4280.762427369016 -1.6639217417434724 	-0.17489500051521834	122.82080792134519
4273.272252965421 -0.2090222646636582 	0.057798262066499406	80.8886494691746
4282.58850533524 -0.2961316341595051 	-0.04324551825852563	-20.036047123772363
4283.1418230691625 1.8551461203588693 	0.08209660717022549	82.40989126705222
4288.658667183803 0.620688028999711 	-0.024638644221364192	46.811585415632976
4265.019072222024 0.3877087429013404 	0.3943542904206906	-135.78378929405778
4283.582804999791 -0.7212238933007671 	-0.4259868164370463	-53.96351891086397
4276.729258412352 -0.37463337081688264 	-0.018218696429836423	-115.91172596481755
4276.685073237178 -0.08620856713319165 	0.020546700519690764	144.61067384154478
4283.655247699495 0.3773217709977758 	-0.15750800766933437	-56.87266130765832
4274.260523757074 -1.260486684779199 	-0.19238098087151312	-165.6090970005536
4286.568618200462 1.1545833508360706 	-0.23511058980017074	-73.37003816444609
4265.106954427169 -0.09646341017123093 	0.21328651029429535	-45.603953126609156
4281.911666802921 -1.0261022011328877 	-0.022292709530438493	-15.125602777407607
4272.787737394394 -1.3381679306170808 	-0.2615173118939018	17.724826012412024
4258.847026154977 0.40319817006449343 	0.042232170360646304	128.6241461433342
4291.936349890883 -0.8706544121019006 	-0.1944741146176301	-94.13790666813266
4282.804478123426 -0.5612023181350823 	-0.05045864551480361	-5.498568646091428
4293.49551332328 -0.4568352093222546 	-0.4038974945186211	-73.00079714701002
4265.421813656074 -1.4885844606239567 	0.11973273629746328	53.628564530143876
4281.374243109396 -0.5693121743645511 	0.3375533541509538	-129.57979150944124
4274.351844404066 0.9434671407409544 	0.35811112071056606	94.68321265997668
4286.236495670128 0.9487285804805496 	-0.1770477764068673	-27.628297773522092
4294.764140738423 0.4595866176575445 	-0.4813102133045095	131.8890676055952
0.25
4294.51962228555 -0.2898779973279668 	-0.35077559741842623	-113.68520560332045
4277.440070909153 -1.4320606330396604 	0.2236297658797638	142.13553538992096
4282.667648036272 0.22661546221027185 	-0.1772899628889053	-59.15993122239574
4287.578435957539 0.34796199928708277 	0.3723343027820659	-134.29094116778828
4288.326635079679 -0.15382966326111763 	0.24602485152160003	-3.0146403140118423
4281.935559618094 0.1533510574672279 	0.43661068045316065	-135.21719713239122
4291.2577500363195 -1.1533027731988614 	-0.17489500051521834	122.82080792134519
4290.78673764438 1.2466578010268894 	0.057798262066499406	80.8886494691746
4290.2359614815 -1.178491018838454 	-0.04324551825852563	-20.036047123772363
4285.9830294489075 -1.2345237964983253 	0.08209660717022549	82.40989126705222
4294.955430825947 1.1062842954289387 	-0.024638644221364192	46.811585415632976
4270.355195956666 -0.24630339952901723 	0.3943542904206906	-135.78378929405778
4292.8777624505965 -1.025140481381908 	-0.4259868164370463	-53.96351891086397
4286.993365239136 -0.8473180661555989 	-0.018218696429836423	-115.91172596481755
4284.888252484456 0.7905945616524443 	0.020546700519690764	144.61067384154478
4292.101569208268 -2.117379287240267 	-0.15750800766933437	-56.87266130765832
4279.497674041304 -0.05632401658018029 	-0.19238098087151312	-165.6090970005536
4292.221971625897 -0.27227777407680614 	-0.23511058980017074	-73.37003816444609
4276.57055969374 -1.4871039527760517 	0.21328651029429535	-45.603953126609156
4286.289077688106 0.10102941665476788 	-0.022292709530438493	-15.125602777407607
4288.895248791812 0.8114324045451224 	-0.2615173118939018	17.724826012412024
4273.405449988862 -0.1655423064271681 	0.042232170360646304	128.6241461433342
4294.575653750247 -0.7677468054075572 	-0.1944741146176301	-94.13790666813266
4296.196940142973 -0.5176659550104447 	-0.05045864551480361	-5.498568646091428
4297.582593475642 -0.8558575853080871 	-0.4038974945186211	-73.00079714701002
4279.141092071638 0.38432307492167195 	0.11973273629746328	53.628564530143876
4291.694366042402 0.2709673142935658 	0.3375533541509538	-129.57979150944124
4276.409848696802 -0.22776940971885581 	0.35811112071056606	94.68321265997668
4292.083861943825 -0.30562483959758713 	-0.1770477764068673	-27.628297773522092
4297.52172135167 0.9214493760306095 	-0.4813102133045095	131.8890676055952
0.3
4296.596193079053 0.294051102132384 	-0.35077559741842623	-113.68520560332045
4277.776649617028 0.8493322187653349 	0.2236297658797638	142.13553538992096
4287.402599852112 0.9949296922284337 	-0.1772899628889053	-59.15993122239574
4295.250525908523 1.2017350728780405 	0.3723343027820659	-134.29094116778828
4293.089166380445 -1.3648486734378364 	0.24602485152160003	-3.0146403140118423
4284.882691521722 0.801373441663569 	0.43661068045316065	-135.21719713239122
4291.959990802638 -0.7214597178298158 	-0.17489500051521834	122.82080792134519
4287.825996266925 0.9814794081535377 	0.057798262066499406	80.8886494691746
4292.785026982195 0.7685644772907456 	-0.04324551825852563	-20.036047123772363
4291.9353575463565 -0.8291294192799473 	0.08209660717022549	82.40989126705222
4299.554138307834 -0.802406491704689 	-0.024638644221364192	46.811585415632976
4282.94112687207 -0.07545806793857152 	0.3943542904206906	-135.78378929405778
4294.920789422538 -2.420948045552102 	-0.4259868164370463	-53.96351891086397
4288.427070089102 -0.45772707290239634 	-0.018218696429836423	-115.91172596481755
4290.601515807478 -0.6690670334417725 	0.020546700519690764	144.61067384154478
4293.967751691579 -0.2036676254304234 	-0.15750800766933437	-56.87266130765832
4274.608672459125 -1.1797587832312924 	-0.19238098087151312	-165.6090970005536
4291.107713463496 -1.9553887717277196 	-0.23511058980017074	-73.37003816444609
4282.134257231909 -0.21386720790988908 	0.21328651029429535	-45.603953126609156
4287.918826882846 -0.40515284017458997 	-0.022292709530438493	-15.125602777407607
4291.6377640613555 -0.5498227832139441 	-0.2615173118939018	17.724826012412024
4286.080330818599 0.29672431578153563 	0.042232170360646304	128.6241461433342
4287.537165820524 0.1455742426169012 	-0.1944741146176301	-94.13790666813266
4298.9453765338085 -0.48908441164293404 	-0.05045864551480361	-5.498568646091428
4299.666908913311 -0.7146089892824898 	-0.4038974945186211	-73.00079714701002
4279.83631366248 0.8262183354786529 	0.11973273629746328	53.628564530143876
4299.816981897131 -0.0945959521006268 	0.3375533541509538	-129.57979150944124
4280.816963598115 -1.5426586341874096 	0.35811112071056606	94.68321265997668
4294.314830344192 0.0064031997312729416 	-0.1770477764068673	-27.628297773522092
4300.150109304002 -1.4557040512616652 	-0.4813102133045095	131.8890676055952
0.35000000000000003
4298.861162315153 0.33117046758738283 	-0.35077559741842623	-113.68520560332045
4293.257860786544 -0.4591060859509143 	0.2236297658797638	142.13553538992096
4291.78574784155 -0.8328591139406023 	-0.1772899628889053	-59.15993122239574
4302.9121252779005 -0.5538729889087628 	0.3723343027820659	-134.29094116778828
4296.704554692744 -0.7762039357882888 	0.24602485152160003	-3.0146403140118423
4281.8988720460275 0.4253481068900643 	0.43661068045316065	-135.21719713239122
4300.177427643887 1.2792185458164755 	-0.17489500051521834	122.82080792134519
4286.107945066919 -0.213940488055772 	0.057798262066499406	80.8886494691746
4292.766540619463 -0.02934867557546433 	-0.04324551825852563	-20.036047123772363
4286.3598000218935 -1.3761399217895767 	0.08209660717022549	82.40989126705222
4302.70633480385 -0.8351672928857227 	-0.024638644221364192	46.811585415632976
4286.460990250397 0.35951464186668924 	0.3943542904206906	-135.78378929405778
4297.067769682082 -0.19377421018865207 	-0.4259868164370463	-53.96351891086397
4297.291862367611 1.2220743879624996 	-0.018218696429836423	-115.91172596481755
4294.078984248654 -0.8332196809889967 	0.020546700519690764	144.61067384154478
4295.59972286659 0.09308336960886714 	-0.15750800766933437	-56.87266130765832
4279.42316536423 -0.5895906646929892 	-0.19238098087151312	-165.6090970005536
4293.496529909951 -0.2674405672061525 	-0.23511058980017074	-73.37003816444609
4288.748621288418 0.6073997609877161 	0.21328651029429535	-45.603953126609156
4287.442141020046 0.4854389493819627 	-0.022292709530438493	-15.125602777407607
4302.779251694928 0.28825612728416367 	-0.2615173118939018	17.724826012412024
4291.616773630472 1.6760545873310593 	0.042232170360646304	128.6241461433342
4297.656456207705 0.42953970659576085 	-0.1944741146176301	-94.13790666813266
4302.7078406890205 -0.5880576978693816 	-0.05045864551480361	-5.498568646091428
4301.924509644345 -0.9839358774359032 	-0.4038974945186211	-73.00079714701002
4294.971371112324 0.3312388640892446 	0.11973273629746328	53.628564530143876
4301.334058861598 -0.26965893397974416 	0.3375533541509538	-129.57979150944124
4295.68531958392 0.6902717141532227 	0.35811112071056606	94.68321265997668
4297.603320514779 -0.2531153950265245 	-0.1770477764068673	-27.628297773522092
4302.004856908749 0.6813845043046308 	-0.4813102133045095	131.8890676055952
0.4
4300.266919029341 0.3650090241289458 	-0.35077559741842623	-113.68520560332045
4294.698660132186 0.008708000650929824 	0.2236297658797638	142.13553538992096
4293.910076410061 -0.6077491023929903 	-0.1772899628889053	-59.15993122239574
4303.726373938185 -0.7289254256187068 	0.3723343027820659	-134.29094116778828
4302.081046926101 0.16298928995490974 	0.24602485152160003	-3.0146403140118423
4290.0541279414 -1.7033063719272357 	0.43661068045316065	-135.21719713239122
4302.806465627856 1.19335054702966 	-0.17489500051521834	122.82080792134519
4298.167787610763 -0.1614643079519164 	0.057798262066499406	80.8886494691746
4300.868641283799 -0.5788482284704585 	-0.04324551825852563	-20.036047123772363
4298.886796436038 -0.7854705057312606 	0.08209660717022549	82.40989126705222
4304.079951284828 0.7129289572957765 	-0.024638644221364192	46.811585415632976
4284.792367298964 0.6547902337030588 	0.3943542904206906	-135.78378929405778
4297.125939935868 0.14516783607181802 	-0.4259868164370463	-53.96351891086397
4298.795110321685 1.3374166071544262 	-0.018218696429836423	-115.91172596481755
4297.480190186498 -0.5667793419112226 	0.020546700519690764	144.61067384154478
4298.743166805938 -1.0617731224219409 	-0.15750800766933437	-56.87266130765832
4288.746390946112 0.5161221765964014 	-0.19238098087151312	-165.6090970005536
4296.877832579014 0.43720992128866026 	-0.23511058980017074	-73.37003816444609
4292.931308267918 0.7418745088915194 	0.21328651029429535	-45.603953126609156
4289.8054777855905 0.17032679083144067 	-0.022292709530438493	-15.125602777407607
4304.6875141267765 0.6445329552993649 	-0.2615173118939018	17.724826012412024
4294.255842126259 -0.27807129440661066 	0.042232170360646304	128.6241461433342
4299.149528237237 -0.4292581406994479 	-0.1944741146176301	-94.13790666813266
4300.120325188826 0.5603284123074732 	-0.05045864551480361	-5.498568646091428
4303.233084850218 -1.1291959929044755 	-0.4038974945186211	-73.00079714701002
4299.757195454494 -0.34424160660637076 	0.11973273629746328	53.628564530143876
4301.782386834764 0.2587885353213065 	0.3375533541509538	-129.57979150944124
4300.8058098421125 0.7174335972197691 	0.35811112071056606	94.68321265997668
4299.691558301923 -0.7482973461403869 	-0.1770477764068673	-27.628297773522092
4303.005971130484 0.6205975560042504 	-0.4813102133045095	131.8890676055952
0.45
4302.941429716232 -0.5978079029125049 	-0.35077559741842623	-113.68520560332045
4298.842645155048 0.11403534480723772 	0.2236297658797638	142.13553538992096
4293.715947031805 -0.5268098897325768 	-0.1772899628889053	-59.15993122239574
4304.605386894134 0.7296816660313857 	0.3723343027820659	-134.29094116778828
4302.475087688455 -0.6834412599061082 	0.24602485152160003	-3.0146403140118423
4295.423627799223 1.398903084479429 	0.43661068045316065	-135.21719713239122
4304.730055698452 -0.17880434166244535 	-0.17489500051521834	122.82080792134519
4290.670830902806 0.17556803141693042 	0.057798262066499406	80.8886494691746
4302.2002385953065 -0.6420453146850391 	-0.04324551825852563	-20.036047123772363
4295.31942665492 -0.32468678569601445 	0.08209660717022549	82.40989126705222
4305.6951873267835 0.6240360073424287 	-0.024638644221364192	46.811585415632976
4293.091509366023 -0.18544686968148563 	0.3943542904206906	-135.78378929405778
4297.302101897945 -2.1387746353577097 	-0.4259868164370463	-53.96351891086397
4288.305931273428 0.5742091083749647 	-0.018218696429836423	-115.91172596481755
4297.672096875744 0.5373395081381517 	0.020546700519690764	144.61067384154478
4299.943050240448 -1.5341542534803894 	-0.15750800766933437	-56.87266130765832
4297.236150587532 1.0885295898525675 	-0.19238098087151312	-165.6090970005536
4299.496080205875 -0.6468889568033491 	-0.23511058980017074	-73.37003816444609
4298.331306474875 -1.118110773732622 	0.21328651029429535	-45.603953126609156
4282.267964602093 -0.7972294242569123 	-0.022292709530438493	-15.125602777407607
4305.093598474273 0.6358708366345208 	-0.2615173118939018	17.724826012412024
4295.782694547336 0.07524859486717501 	0.042232170360646304	128.6241461433342
4301.8275541106705 -0.3683308300156898 	-0.1944741146176301	-94.13790666813266
4300.895112629109 0.6736956427015512 	-0.05045864551480361	-5.498568646091428
4304.176935692219 -1.6098548052580808 	-0.4038974945186211	-73.00079714701002
4296.587414963767 -0.3999693054145989 	0.11973273629746328	53.628564530143876
4300.997991162573 0.9161665137652968 	0.3375533541509538	-129.57979150944124
4304.746849380908 -0.8733615069419355 	0.35811112071056606	94.68321265997668
4302.457575435319 -1.5612643427389392 	-0.1770477764068673	-27.628297773522092
4303.970969968212 -0.48409552838381353 	-0.4813102133045095	131.8890676055952
0.5
4304.120441969797 -0.8523136536739468 	-0.35077559741842623	-113.68520560332045
4298.053952661463 -0.73585009677677 	0.2236297658797638	142.13553538992096
4292.828488868445 -0.3956804686860426 	-0.1772899628889053	-59.15993122239574
4310.12438877721 0.34625596848539714 	0.3723343027820659	-134.29094116778828
4306.90850143628 0.22962879526210384 	0.24602485152160003	-3.0146403140118423
4303.5030336048985 0.46684308858346235 	0.43661068045316065	-135.21719713239122
4308.074330427825 0.3941004465550729 	-0.17489500051521834	122.82080792134519
4296.267617627521 -0.5649371049378876 	0.057798262066499406	80.8886494691746
4303.445555637476 -0.6971652420100414 	-0.04324551825852563	-20.036047123772363
4301.869768371665 0.9643326406289787 	0.08209660717022549	82.40989126705222
4306.581739889495 0.13671742311713694 	-0.024638644221364192	46.811585415632976
4304.743750049264 -0.1274665824027459 	0.3943542904206906	-135.78378929405778
4297.762551863419 -2.2425625642148432 	-0.4259868164370463	-53.96351891086397
4301.958657557713 0.4658446419089808 	-0.018218696429836423	-115.91172596481755
4296.516206754505 0.34570629512514434 	0.020546700519690764	144.61067384154478
4300.927189598841 -1.7657653350742546 	-0.15750800766933437	-56.87266130765832
4300.811976551732 -1.2610488585696555 	-0.19238098087151312	-165.6090970005536
4300.199674617467 0.09241425310770399 	-0.23511058980017074	-73.37003816444609
4298.091934721345 0.506430861323659 	0.21328651029429535	-45.603953126609156
4282.945211315871 0.05456158474689708 	-0.022292709530438493	-15.125602777407607
4307.612009094837 -0.8935169899847574 	-0.2615173118939018	17.724826012412024
4286.603897579485 0.9290118034730224 	0.042232170360646304	128.6241461433342
4304.548692371197 -1.4506521709638747 	-0.1944741146176301	-94.13790666813266
4301.4632155492545 -1.3895489297508186 	-0.05045864551480361	-5.498568646091428
4304.470469574453 -1.8887025624282574 	-0.4038974945186211	-73.00079714701002
4302.45307403538 1.3511091976785337 	0.11973273629746328	53.628564530143876
4305.122953192991 0.9883367541915212 	0.3375533541509538	-129.57979150944124
4306.668275764672 -0.8128717706231927 	0.35811112071056606	94.68321265997668
4303.677037949506 -2.0554697703725804 	-0.1770477764068673	-27.628297773522092
4304.503612079776 -0.44067441348814723 	-0.4813102133045095	131.8890676055952
0.55
4304.736865211285 -0.8483209200153473 	-0.35077559741842623	-113.68520560332045
4300.620799407012 0.5173172856879223 	0.2236297658797638	142.13553538992096
4288.564481823773 -1.2680263481071197 	-0.1772899628889053	-59.15993122239574
4312.158670088469 0.0017731462697524274 	0.3723343027820659	-134.29094116778828
4309.822442827704 0.226139772170316 	0.24602485152160003	-3.0146403140118423
4305.348295729217 -0.3056993155174525 	0.43661068045316065	-135.21719713239122
4309.576979121612 -0.09489506616299598 	-0.17489500051521834	122.82080792134519
4300.100328937394 -1.3196545421936747 	0.057798262066499406	80.8886494691746
4305.174335855612 -0.6905282226314393 	-0.04324551825852563	-20.036047123772363
4304.222943084746 0.10924364832222141 	0.08209660717022549	82.40989126705222
4308.317738086131 0.05015953048198746 	-0.024638644221364192	46.811585415632976
4305.934457979445 0.277855836788876 	0.3943542904206906	-135.78378929405778
4299.004342533782 -2.0503555063255225 	-0.4259868164370463	-53.96351891086397
4294.250434330048 0.05969239712389959 	-0.018218696429836423	-115.91172596481755
4301.947409519313 0.039324634580531946 	0.020546700519690764	144.61067384154478
4301.990366027627 0.28669455973883007 	-0.15750800766933437	-56.87266130765832
4295.360142106444 -0.012029788259804147 	-0.19238098087151312	-165.6090970005536
4304.706086570737 0.0038505848421595 	-0.23511058980017074	-73.37003816444609
4301.862726641766 -0.07983893869131083 	0.21328651029429535	-45.603953126609156
4284.114079817883 -0.7282275944926532 	-0.022292709530438493	-15.125602777407607
4307.240056849657 0.6478384270056409 	-0.2615173118939018	17.724826012412024
4289.783909879673 -1.1219083507023921 	0.042232170360646304	128.6241461433342
4298.949967329955 -0.31635224651266763 	-0.1944741146176301	-94.13790666813266
4309.793670802173 1.0599017317470032 	-0.05045864551480361	-5.498568646091428
4304.793405678806 -1.9720431349350123 	-0.4038974945186211	-73.00079714701002
4301.693178365209 1.7986294889534487 	0.11973273629746328	53.628564530143876
4303.61263920023 -1.7328699558822913 	0.3375533541509538	-129.57979150944124
4308.083956112188 -0.7907060502359567 	0.35811112071056606	94.68321265997668
4305.957902609487 0.2816302503771137 	-0.1770477764068673	-27.628297773522092
4304.903025847416 -0.7326269129526102 	-0.4813102133045095	131.8890676055952
0.6000000000000001
4305.2350838847215 -0.9116516311641908 	-0.35077559741842623	-113.68520560332045
4302.937927023401 -0.10902693560074765 	0.2236297658797638	142.13553538992096
4292.8444243996755 -1.7385456412156657 	-0.1772899628889053	-59.15993122239574
4313.033727400113 0.053109215160785435 	0.3723343027820659	-134.29094116778828
4311.001076835278 0.15745591836826742 	0.24602485152160003	-3.0146403140118423
4304.747034551528 -0.19833267057523024 	0.43661068045316065	-135.21719713239122
4309.772124943914 0.04770887054159339 	-0.17489500051521834	122.82080792134519
4300.713561150206 -1.1314700818535917 	0.057798262066499406	80.8886494691746
4302.843956832055 0.20754773061359186 	-0.04324551825852563	-20.036047123772363
4309.804827116027 -0.1855543646181031 	0.08209660717022549	82.40989126705222
4309.487940589501 0.10798546957176006 	-0.024638644221364192	46.811585415632976
4308.275082273458 0.9382379584281018 	0.3943542904206906	-135.78378929405778
4294.5753553961395 0.44925647834283583 	-0.4259868164370463	-53.96351891086397
4302.344497563869 -1.4582657840047766 	-0.018218696429836423	-115.91172596481755
4304.866821905003 0.8417283598450923 	0.020546700519690764	144.61067384154478
4302.646844267212 -0.2799512609194655 	-0.15750800766933437	-56.87266130765832
4295.6201903382635 -0.5408070029240619 	-0.19238098087151312	-165.6090970005536
4308.519859669767 -1.4442487550904717 	-0.23511058980017074	-73.37003816444609
4304.79361903618 0.7225771788458651 	0.21328651029429535	-45.603953126609156
4288.540846640182 1.3445267576836415 	-0.022292709530438493	-15.125602777407607
4307.077476533276 0.10760486170123024 	-0.2615173118939018	17.724826012412024
4292.266585730409 -1.0210940820476277 	0.042232170360646304	128.6241461433342
4297.569358238297 -0.49714068354772606 	-0.1944741146176301	-94.13790666813266
4311.666324887166 0.022891477889513182 	-0.05045864551480361	-5.498568646091428
4305.105977197265 -1.9876070887382171 	-0.4038974945186211	-73.00079714701002
4305.955144236168 -0.8421434659876016 	0.11973273629746328	53.628564530143876
4307.3461305527235 -0.9757127362159177 	0.3375533541509538	-129.57979150944124
4309.071939932623 -0.9278642362290769 	0.35811112071056606	94.68321265997668
4306.964537155522 -0.20416841921175707 	-0.1770477764068673	-27.628297773522092
4305.511233951972 -0.9753187514387222 	-0.4813102133045095	131.8890676055952
0.6500000000000001
4303.197106412119 1.3901819098754653 	-0.35077559741842623	-113.68520560332045
4304.681310399367 0.03918034738401619 	0.2236297658797638	142.13553538992096
4296.460209095344 -0.6875621491844832 	-0.1772899628889053	-59.15993122239574
4313.915504726068 -0.07681541279884413 	0.3723343027820659	-134.29094116778828
4313.389909993858 0.482714571050662 	0.24602485152160003	-3.0146403140118423
4303.2096290014 -0.6565636877591027 	0.43661068045316065	-135.21719713239122
4310.622581336673 -0.015062181655724857 	-0.17489500051521834	122.82080792134519
4298.3074319436955 -0.1780736690420084 	0.057798262066499406	80.8886494691746
4307.646947796245 1.6790191304258089 	-0.04324551825852563	-20.036047123772363
4311.202314677858 0.6890556937983185 	0.08209660717022549	82.40989126705222
4310.684709328676 -0.08019297671437293 	-0.024638644221364192	46.811585415632976
4309.977523131621 1.0251029603594828 	0.3943542904206906	-135.78378929405778
4297.650940794154 -0.2718751120527045 	-0.4259868164370463	-53.96351891086397
4301.779613128801 0.6710637315335781 	-0.018218696429836423	-115.91172596481755
4307.276064970068 1.3188012223657648 	0.020546700519690764	144.61067384154478
4302.277671794561 -2.0044245400716023 	-0.15750800766933437	-56.87266130765832
4288.401887555306 1.1038108945075353 	-0.19238098087151312	-165.6090970005536
4306.343757562912 1.1116751363731223 	-0.23511058980017074	-73.37003816444609
4305.325338654464 0.1625439081988891 	0.21328651029429535	-45.603953126609156
4288.848490282034 -0.09465526069672366 	-0.022292709530438493	-15.125602777407607
4306.210243274471 0.2286112754496746 	-0.2615173118939018	17.724826012412024
4292.6555764154255 1.2449502112730162 	0.042232170360646304	128.6241461433342
4303.8154266376 -0.06674849534331999 	-0.1944741146176301	-94.13790666813266
4311.944985406672 0.12311262112277113 	-0.05045864551480361	-5.498568646091428
4305.939112185769 -1.929734402940511 	-0.4038974945186211	-73.00079714701002
4307.0415901075385 1.4354530318395275 	0.11973273629746328	53.628564530143876
4311.401366723253 -0.9653545389302369 	0.3375533541509538	-129.57979150944124
4310.121183751154 -1.1147690939060666 	0.35811112071056606	94.68321265997668
4307.7580249178645 -0.22775376386855856 	-0.1770477764068673	-27.628297773522092
4305.781568413795 -1.013238905119631 	-0.4813102133045095	131.8890676055952
0.7000000000000001
4305.553263427154 1.667512243843796 	-0.35077559741842623	-113.68520560332045
4305.801529050663 -0.05349933538715995 	0.2236297658797638	142.13553538992096
4296.815825122713 -0.43248900879826496 	-0.1772899628889053	-59.15993122239574
4314.955976326776 -0.3844308714196275 	0.3723343027820659	-134.29094116778828
4314.238628864305 0.22881781021307554 	0.24602485152160003	-3.0146403140118423
4306.5696594341925 -0.1898749010162689 	0.43661068045316065	-135.21719713239122
4311.307420312968 0.18935821287570131 	-0.17489500051521834	122.82080792134519
4297.3294085962425 0.6059111590751584 	0.057798262066499406	80.8886494691746
4310.101151053926 0.27973826622427417 	-0.04324551825852563	-20.036047123772363
4310.838529713657 0.18453131065856085 	0.08209660717022549	82.40989126705222
4311.918385667048 -0.49279186312119544 	-0.024638644221364192	46.811585415632976
4311.627421753074 -0.26524128406965836 	0.3943542904206906	-135.78378929405778
4298.707588167208 -0.29321518369497906 	-0.4259868164370463	-53.96351891086397
4298.798130905488 -0.5127690357930849 	-0.018218696429836423	-115.91172596481755
4307.726328082342 0.9258824546638755 	0.020546700519690764	144.61067384154478
4303.232942333416 0.011570653581146579 	-0.15750800766933437	-56.87266130765832
4295.372548339258 -0.208972873760389 	-0.19238098087151312	-165.6090970005536
4309.231998782273 -0.4569499536710756 	-0.23511058980017074	-73.37003816444609
4305.731127926484 -0.04158051573207839 	0.21328651029429535	-45.603953126609156
4306.080394497309 0.8264102217168146 	-0.022292709530438493	-15.125602777407607
4308.243007489587 0.25174992893804726 	-0.2615173118939018	17.724826012412024
4295.54894162 1.3864124601731531 	0.042232170360646304	128.6241461433342
4304.7346854600355 -1.8412007904685077 	-0.1944741146176301	-94.13790666813266
4312.276660582652 0.014550098809369439 	-0.05045864551480361	-5.498568646091428
4306.143939085315 -1.9777414991814735 	-0.4038974945186211	-73.00079714701002
4308.487754029661 -0.3289405556381441 	0.11973273629746328	53.628564530143876
4310.902356474751 -0.9123098895791485 	0.3375533541509538	-129.57979150944124
4311.394719000905 -1.6024724279380382 	0.35811112071056606	94.68321265997668
4308.113509166565 -0.328605655008518 	-0.1770477764068673	-27.628297773522092
4306.0816076361925 -0.9554724957811743 	-0.4813102133045095	131.8890676055952
0.7500000000000001
4305.758264302365 1.615074108374 	-0.35077559741842623	-113.68520560332045
4307.320597405491 -0.7186307897378094 	0.2236297658797638	142.13553538992096
4298.435541582176 -0.7826595732645395 	-0.1772899628889053	-59.15993122239574
4315.518189651042 -0.5250658615232922 	0.3723343027820659	-134.29094116778828
4314.75619264438 -0.014193741161266324 	0.24602485152160003	-3.0146403140118423
4307.926616978279 -1.0889077170762334 	0.43661068045316065	-135.21719713239122
4311.403023374761 0.3943314312202797 	-0.17489500051521834	122.82080792134519
4310.816038652373 -0.3653371078083057 	0.057798262066499406	80.8886494691746
4311.145801068971 0.004311363334717832 	-0.04324551825852563	-20.036047123772363
4312.862170565545 1.0260890244084222 	0.08209660717022549	82.40989126705222
4312.853002349736 -1.190986209943974 	-0.024638644221364192	46.811585415632976
4312.977385951692 -0.5662655920759995 	0.3943542904206906	-135.78378929405778
4300.247563170368 -0.2161919158361834 	-0.4259868164370463	-53.96351891086397
4302.248388371039 -0.19530746843858282 	-0.018218696429836423	-115.91172596481755
4308.015286904762 1.0583607349901594 	0.020546700519690764	144.61067384154478
4297.353621380853 1.5441039783712358 	-0.15750800766933437	-56.87266130765832
4300.308041856939 -1.6411410732518363 	-0.19238098087151312	-165.6090970005536
4309.87335501306 -0.6602516290360482 	-0.23511058980017074	-73.37003816444609
4306.791013552587 -0.026123477098771223 	0.21328651029429535	-45.603953126609156
4307.038252232966 1.0110636354740092 	-0.022292709530438493	-15.125602777407607
4308.76122287815 0.09058489630779826 	-0.2615173118939018	17.724826012412024
4296.283595355616 -0.14227937202214871 	0.042232170360646304	128.6241461433342
4306.680357729673 -1.6284869921719618 	-0.1944741146176301	-94.13790666813266
4310.563201648387 0.15349040222842739 	-0.05045864551480361	-5.498568646091428
4306.711719884568 -1.6822913352336597 	-0.4038974945186211	-73.00079714701002
4309.2061071636945 -0.049888160994903626 	0.11973273629746328	53.628564530143876
4313.509437816412 -1.414706802408645 	0.3375533541509538	-129.57979150944124
4311.229096658448 -1.43039462275022 	0.35811112071056606	94.68321265997668
4307.221005686414 -0.2653350208644591 	-0.1770477764068673	-27.628297773522092
4306.571422770982 -1.1450268411711475 	-0.4813102133045095	131.8890676055952
0.8
4306.059572256858 1.5834375204123887 	-0.35077559741842623	-113.68520560332045
4308.992614726769 -0.6140480278531383 	0.2236297658797638	142.13553538992096
4299.0301864932235 -1.4906940790475725 	-0.1772899628889053	-59.15993122239574
4315.237150505537 -0.6209587924150856 	0.3723343027820659	-134.29094116778828
4315.683335736765 -0.2154406755229079 	0.24602485152160003	-3.0146403140118423
4308.643380533375 -0.9856781603154561 	0.43661068045316065	-135.21719713239122
4312.138768503631 -0.03483720134558865 	-0.17489500051521834	122.82080792134519
4304.583852780172 -0.8311697945903553 	0.057798262066499406	80.8886494691746
4311.754253698942 -0.428960245716003 	-0.04324551825852563	-20.036047123772363
4313.583427000783 -1.1708212064068244 	0.08209660717022549	82.40989126705222
4313.279816702854 -0.6530839115477741 	-0.024638644221364192	46.811585415632976
4314.928975554452 -1.283641471393801 	0.3943542904206906	-135.78378929405778
4301.3059397991465 -0.9679481095753906 	-0.4259868164370463	-53.96351891086397
4308.204251563183 -1.393638134942297 	-0.018218696429836423	-115.91172596481755
4308.534258409093 0.6598262296842841 	0.020546700519690764	144.61067384154478
4299.279786765281 -1.31533566431782 	-0.15750800766933437	-56.87266130765832
4303.628401786889 0.25614453104487656 	-0.19238098087151312	-165.6090970005536
4310.650179530323 -1.0257411532151142 	-0.23511058980017074	-73.37003816444609
4308.328683717582 -0.67981974666045 	0.21328651029429535	-45.603953126609156
4307.818451682002 1.3896511255625261 	-0.022292709530438493	-15.125602777407607
4309.419887233186 -0.09252476800648372 	-0.2615173118939018	17.724826012412024
4294.586983022037 1.3635702780213923 	0.042232170360646304	128.6241461433342
4307.948354276518 -1.7350400224489078 	-0.1944741146176301	-94.13790666813266
4313.125079914698 -0.9727534173447678 	-0.05045864551480361	-5.498568646091428
4306.904805020911 -1.7393122869745343 	-0.4038974945186211	-73.00079714701002
4310.270188812913 0.021900636290707785 	0.11973273629746328	53.628564530143876
4313.690892728234 -1.6896780676132723 	0.3375533541509538	-129.57979150944124
4312.7801846374905 0.9179978210771792 	0.35811112071056606	94.68321265997668
4307.831675865379 -0.3109726711269075 	-0.1770477764068673	-27.628297773522092
4306.63178489877 -1.2698884080831125 	-0.4813102133045095	131.8890676055952
0.8500000000000001
4306.565537907886 1.4924166273706396 	-0.35077559741842623	-113.68520560332045
4309.362424790924 -0.7655994705510611 	0.2236297658797638	142.13553538992096
4301.333640285322 -1.409200873069938 	-0.1772899628889053	-59.15993122239574
4317.993190184174 -1.3277382614596078 	0.3723343027820659	-134.29094116778828
4316.751951919915 -0.24087928756355853 	0.24602485152160003	-3.0146403140118423
4309.986985835481 1.3986465520334859 	0.43661068045316065	-135.21719713239122
4312.0775518080745 -0.7313779714990776 	-0.17489500051521834	122.82080792134519
4311.010082495529 0.10221886955317427 	0.057798262066499406	80.8886494691746
4312.762537928095 -0.021364918235896306 	-0.04324551825852563	-20.036047123772363
4312.508612095421 -0.8083398424874386 	0.08209660717022549	82.40989126705222
4313.922369395536 -1.055079091427319 	-0.024638644221364192	46.811585415632976
4315.74864942616 -0.848423742452113 	0.3943542904206906	-135.78378929405778
4301.547635576792 -0.9965972643456781 	-0.4259868164370463	-53.96351891086397
4310.630539387034 0.7696559391991131 	-0.018218696429836423	-115.91172596481755
4308.53861494461 0.8466396891885898 	0.020546700519690764	144.61067384154478
4303.18337606381 0.09778528856536227 	-0.15750800766933437	-56.87266130765832
4304.44169740756 0.3295092474533366 	-0.19238098087151312	-165.6090970005536
4311.131109790221 -1.9436596958183379 	-0.23511058980017074	-73.37003816444609
4310.811053608287 -1.5213741277922042 	0.21328651029429535	-45.603953126609156
4308.795444397029 1.1695997046944047 	-0.022292709530438493	-15.125602777407607
4309.35425793699 -0.08547049784289994 	-0.2615173118939018	17.724826012412024
4297.166725964507 -2.1551996220694978 	0.042232170360646304	128.6241461433342
4309.612466039858 0.8578469801400816 	-0.1944741146176301	-94.13790666813266
4313.56328782332 -0.9665198145993315 	-0.05045864551480361	-5.498568646091428
4307.085519764498 -1.6796776673539968 	-0.4038974945186211	-73.00079714701002
4310.993200998752 -0.04473658985983828 	0.11973273629746328	53.628564530143876
4314.770845135404 -1.7458454551129376 	0.3375533541509538	-129.57979150944124
4312.036636721646 -1.462540295778286 	0.35811112071056606	94.68321265997668
4308.463596121788 -0.5415100505590686 	-0.1770477764068673	-27.628297773522092
4306.847947697602 -1.1746887812555713 	-0.4813102133045095	131.8890676055952
0.9000000000000001
4306.724530967967 1.4651879503951977 	-0.35077559741842623	-113.68520560332045
4310.519720148438 -0.9508365866857811 	0.2236297658797638	142.13553538992096
4302.192298301623 -1.553206179655624 	-0.1772899628889053	-59.15993122239574
4319.194267734004 1.0958443201589443 	0.3723343027820659	-134.29094116778828
4316.688339345226 -0.1920566327717552 	0.24602485152160003	-3.0146403140118423
4311.687331466841 1.0296841261999892 	0.43661068045316065	-135.21719713239122
4312.796248690917 -1.1174864262979893 	-0.17489500051521834	122.82080792134519
4302.309885277552 1.400023451121517 	0.057798262066499406	80.8886494691746
4313.009112325133 -0.10188792003557985 	-0.04324551825852563	-20.036047123772363
4313.29873081866 -0.6183421170939062 	0.08209660717022549	82.40989126705222
4314.629485224099 -1.5629771082412787 	-0.024638644221364192	46.811585415632976
4311.528345499161 0.5392157099662747 	0.3943542904206906	-135.78378929405778
4301.7412267458085 -0.5986172133252656 	-0.4259868164370463	-53.96351891086397
4311.644408968077 0.9921894760706413 	-0.018218696429836423	-115.91172596481755
4308.5866086455835 0.6729205316388152 	0.020546700519690764	144.61067384154478
4303.674467626356 0.10120462836212236 	-0.15750800766933437	-56.87266130765832
4305.427038551818 0.11546993152827513 	-0.19238098087151312	-165.6090970005536
4311.3788624930985 -1.4409946482705456 	-0.23511058980017074	-73.37003816444609
4309.874229451579 -0.98654517558078 	0.21328651029429535	-45.603953126609156
4309.748174659569 0.8894740564792073 	-0.022292709530438493	-15.125602777407607
4309.616225033719 0.15227608493289035 	-0.2615173118939018	17.724826012412024
4306.475772417754 0.1909865531528372 	0.042232170360646304	128.6241461433342
4310.166639363857 0.8116654708960199 	-0.1944741146176301	-94.13790666813266
4314.537359343879 -0.8988382915076891 	-0.05045864551480361	-5.498568646091428
4307.108273001766 -1.6835641720271164 	-0.4038974945186211	-73.00079714701002
4311.884317982559 -0.1141049492163777 	0.11973273629746328	53.628564530143876
4315.618033378782 -1.730029966237999 	0.3375533541509538	-129.57979150944124
4312.731392045932 -1.4893412167112978 	0.35811112071056606	94.68321265997668
4308.867693862839 -0.6930413639013808 	-0.1770477764068673	-27.628297773522092
4307.193632104979 -1.2707723938297302 	-0.4813102133045095	131.8890676055952
0.9500000000000001
4306.876495694764 1.4691427110357704 	-0.35077559741842623	-113.68520560332045
4310.639789140692 1.1561650574174882 	0.2236297658797638	142.13553538992096
4303.854436458651 0.20510636072563385 	-0.1772899628889053	-59.15993122239574
4319.3586571736205 0.8023452257102568 	0.3723343027820659	-134.29094116778828
4317.078127660396 0.073710909873284 	0.24602485152160003	-3.0146403140118423
4312.939338455434 -0.17015424118456443 	0.43661068045316065	-135.21719713239122
4312.248794049077 -0.27868324911439285 	-0.17489500051521834	122.82080792134519
4312.818362714854 -0.015121305025988557 	0.057798262066499406	80.8886494691746
4314.346170142116 -0.9250562652671598 	-0.04324551825852563	-20.036047123772363
4314.258448679658 -0.4483712843527108 	0.08209660717022549	82.40989126705222
4315.362057092109 -1.5910206225228687 	-0.024638644221364192	46.811585415632976
4317.5607346339975 0.13649902158524974 	0.3943542904206906	-135.78378929405778
4302.014144605464 -0.5836391522511706 	-0.4259868164370463	-53.96351891086397
4313.177811701308 0.683670196434949 	-0.018218696429836423	-115.91172596481755
4308.14391867933 -0.15995707322907593 	0.020546700519690764	144.61067384154478
4304.113048379197 0.07214815896171445 	-0.15750800766933437	-56.87266130765832
4306.486476507199 -0.6546027762444537 	-0.19238098087151312	-165.6090970005536
4311.403739257072 -1.623692516873601 	-0.23511058980017074	-73.37003816444609
4311.966089254286 -1.6100598561365806 	0.21328651029429535	-45.603953126609156
4309.692591845186 0.08266617046316187 	-0.022292709530438493	-15.125602777407607
4310.245851511109 0.14292267061692998 	-0.2615173118939018	17.724826012412024
4308.598714811186 -0.7757690847862903 	0.042232170360646304	128.6241461433342
4310.43730870882 0.7221833418483932 	-0.1944741146176301	-94.13790666813266
4315.775397270109 -0.9724936398955807 	-0.05045864551480361	-5.498568646091428
4308.123002349696 -1.923096620229992 	-0.4038974945186211	-73.00079714701002
4312.728498586905 -0.3895904339022831 	0.11973273629746328	53.628564530143876
4317.402745753767 0.8169274863314908 	0.3375533541509538	-129.57979150944124
4313.412255274782 -1.4621023078899125 	0.35811112071056606	94.68321265997668
4309.094967613696 -0.4388782249992851 	-0.1770477764068673	-27.628297773522092
4307.204518121067 -1.2644591244715184 	-0.4813102133045095	131.8890676055952
