6225.548561244033 -1.5992226876376539 	47.49681547919766
6283.945640317705 -1.9189242869049485 	43.14925350282319
6296.735979715401 0.13540752968460049 	44.26933470895368
6271.712911723342 0.15927650001797067 	43.18154368588339
6294.209958636997 -1.0531601383423048 	44.40070535398205
6229.908909827485 0.6834110187570859 	47.556660420283286
6238.320916248681 0.6942201334481011 	46.11117400489911
6266.981130963143 1.524753319806967 	45.868188675795466
6280.813595594229 -1.0995659594635567 	44.8268949590502
6265.048364734665 -0.6747138492427114 	43.68343696655363
6285.062533469826 0.7481023319458463 	43.74850399889252
6276.85138377419 -0.23144786104224355 	43.18021134720465
6253.518269552927 1.7980705975536353 	43.30311680774634
6278.201494391228 -0.7033163018326026 	43.685693472701836
6265.21953807257 -0.5547346848529016 	45.45624547237312
6261.611402007751 1.5126009117232029 	42.27066396885848
6257.5800302044245 1.8147566110787094 	46.51407436476221
6272.486411508863 0.7966994377937942 	43.23786922632753
6267.323786694382 1.9526188978775314 	44.97179571929236
6266.258084128277 -0.017859715822347567 	43.02849531773144
