4329.449767456152 0.03605262814811058 
4323.287741210105 -0.1199291264050373 
4294.820699496599 -0.6009574216472539 
4332.083961368221 0.47495522721153727 
4336.659750303211 1.099684712715996 
4310.937359188045 -0.8913769130886071 
4304.028880825867 -1.2149622763601307 
4327.378705837932 -0.1511210399059824 
4314.720314414102 -0.5565756342263215 
4324.196615928018 0.06018177225694915 
4295.028857468892 -0.5952866675019776 
4331.948576969744 0.5648797750878277 
4328.020708647626 -0.02069902983143285 
4292.7284997229335 -0.6745355230328316 
4303.664468196419 -1.2251648907189172 
4298.71168036877 -0.4860650675229505 
4290.657020821733 -0.5874721555168586 
4305.573197623027 -1.244037828296221 
4325.931242089636 -0.47887002319188343 
4318.451895595582 -0.6639667588823993 
