4318.310168646676 2.0314740530046476 
4318.5435394858705 1.7927242284321079 
4319.352645642403 -0.22832259653549672 
4317.7927866266855 1.2740595771254293 
4317.671020711659 1.4140215561309617 
4318.61496844126 -1.2417912179888941 
4322.905324351339 -2.0035061473892806 
4321.979551536671 -0.49290735346657166 
4325.686046837439 -8.230557509737187 
4319.128037753989 1.948299773975626 
4314.576479695791 3.6944454669786406 
4319.9561611719855 2.9560233152819126 
4322.2837365588475 -1.0331582802484716 
4317.378065894352 -0.7526142352818134 
4323.45178904952 -2.86330803203854 
4317.303556424308 2.8678178219517703 
4317.539237717579 2.711845012595278 
4324.677320017513 -5.162782799485572 
4321.909711181195 -0.6366478906677054 
4325.403543846951 -7.416126221156963 
