4328.049887368148 -1.0542691217921736 	44.464343485149
4331.885982316607 -0.6142821447661864 	43.94031039306273
4307.491355395263 -1.7402746178163135 	47.31437596464672
4326.392931238617 -0.017698709885253332 	45.182337708321555
4328.425302146481 -0.9771016493476672 	44.166781670602575
4327.013719154266 -0.589546026631055 	44.7773009406271
4332.214757112298 -0.7704638625587181 	44.0124814868917
4326.307764837615 -1.0002547194457456 	42.847194821936576
4305.945331012975 -1.2399502538582985 	47.39783130712617
4326.390586405461 -0.6598669870367764 	42.97414002982916
4325.10917943404 -0.04312109605584465 	45.1332277817866
4332.901284409382 -1.2746997989417954 	43.6841227878599
4326.261259628765 -0.7622701007291949 	43.43019629711377
4332.5763912249295 -1.1256911808503223 	44.00792510953988
4332.096039171538 -1.1394937509127623 	44.06355779608537
4334.3307081368785 -1.4663961660070457 	44.34515516168093
4305.512643904727 1.5716056426865088 	44.47681044852293
4326.460026396097 0.08536182696878943 	43.48514933875233
4291.2024861248065 -0.43270088116238453 	47.34483408700058
4318.55831398394 0.6029361809651419 	43.27793492598441
